  0.100132E-04  0.126692E+07  0.126692E+07  0.168918E+07  0.168918E+07  0.000000E+00  0.126692E+07
  0.103525E-04  0.126692E+07  0.126692E+07  0.168918E+07  0.168918E+07  0.000000E+00  0.126692E+07
  0.107035E-04  0.126692E+07  0.126692E+07  0.168917E+07  0.168917E+07  0.000000E+00  0.126692E+07
  0.110662E-04  0.126692E+07  0.126692E+07  0.168917E+07  0.168917E+07  0.000000E+00  0.126692E+07
  0.114413E-04  0.126692E+07  0.126692E+07  0.168917E+07  0.168916E+07  0.000000E+00  0.126692E+07
  0.118291E-04  0.126692E+07  0.126692E+07  0.168916E+07  0.168916E+07  0.000000E+00  0.126692E+07
  0.122301E-04  0.126692E+07  0.126692E+07  0.168916E+07  0.168916E+07  0.000000E+00  0.126692E+07
  0.126446E-04  0.126692E+07  0.126692E+07  0.168915E+07  0.168915E+07  0.000000E+00  0.126692E+07
  0.130732E-04  0.126692E+07  0.126692E+07  0.168915E+07  0.168914E+07  0.000000E+00  0.126692E+07
  0.135163E-04  0.126692E+07  0.126692E+07  0.168914E+07  0.168914E+07  0.000000E+00  0.126692E+07
  0.139745E-04  0.126692E+07  0.126692E+07  0.168913E+07  0.168913E+07  0.000000E+00  0.126692E+07
  0.144481E-04  0.126692E+07  0.126692E+07  0.168913E+07  0.168912E+07  0.000000E+00  0.126692E+07
  0.149379E-04  0.126692E+07  0.126692E+07  0.168912E+07  0.168912E+07  0.000000E+00  0.126692E+07
  0.154442E-04  0.126692E+07  0.126692E+07  0.168911E+07  0.168911E+07  0.000000E+00  0.126692E+07
  0.159677E-04  0.126692E+07  0.126692E+07  0.168910E+07  0.168910E+07  0.000000E+00  0.126692E+07
  0.165089E-04  0.126692E+07  0.126692E+07  0.168909E+07  0.168909E+07  0.000000E+00  0.126692E+07
  0.170685E-04  0.126692E+07  0.126692E+07  0.168909E+07  0.168908E+07  0.000000E+00  0.126692E+07
  0.176470E-04  0.126692E+07  0.126692E+07  0.168908E+07  0.168907E+07  0.000000E+00  0.126692E+07
  0.182452E-04  0.126692E+07  0.126692E+07  0.168906E+07  0.168906E+07  0.000000E+00  0.126692E+07
  0.188636E-04  0.126692E+07  0.126692E+07  0.168905E+07  0.168905E+07  0.000000E+00  0.126692E+07
  0.195030E-04  0.126692E+07  0.126692E+07  0.168904E+07  0.168904E+07  0.000000E+00  0.126692E+07
  0.201640E-04  0.126692E+07  0.126692E+07  0.168903E+07  0.168902E+07  0.000000E+00  0.126692E+07
  0.208475E-04  0.126692E+07  0.126692E+07  0.168901E+07  0.168901E+07  0.000000E+00  0.126692E+07
  0.215541E-04  0.126692E+07  0.126692E+07  0.168900E+07  0.168899E+07  0.000000E+00  0.126692E+07
  0.222847E-04  0.126692E+07  0.126692E+07  0.168898E+07  0.168898E+07  0.000000E+00  0.126692E+07
  0.230400E-04  0.126692E+07  0.126692E+07  0.168896E+07  0.168896E+07  0.000000E+00  0.126692E+07
  0.238210E-04  0.126692E+07  0.126692E+07  0.168895E+07  0.168894E+07  0.000000E+00  0.126692E+07
  0.246284E-04  0.126692E+07  0.126692E+07  0.168893E+07  0.168892E+07  0.000000E+00  0.126692E+07
  0.254632E-04  0.126692E+07  0.126692E+07  0.168891E+07  0.168890E+07  0.000000E+00  0.126692E+07
  0.263262E-04  0.126692E+07  0.126692E+07  0.168888E+07  0.168887E+07  0.000000E+00  0.126692E+07
  0.272186E-04  0.126692E+07  0.126692E+07  0.168886E+07  0.168885E+07  0.000000E+00  0.126692E+07
  0.281411E-04  0.126692E+07  0.126692E+07  0.168883E+07  0.168882E+07  0.000000E+00  0.126692E+07
  0.290950E-04  0.126692E+07  0.126692E+07  0.168881E+07  0.168880E+07  0.000000E+00  0.126692E+07
  0.300812E-04  0.126692E+07  0.126692E+07  0.168878E+07  0.168877E+07  0.000000E+00  0.126692E+07
  0.311008E-04  0.126692E+07  0.126692E+07  0.168874E+07  0.168873E+07  0.000000E+00  0.126692E+07
  0.321549E-04  0.126692E+07  0.126692E+07  0.168871E+07  0.168870E+07  0.000000E+00  0.126692E+07
  0.332448E-04  0.126691E+07  0.126691E+07  0.168867E+07  0.168866E+07  0.000000E+00  0.126691E+07
  0.343717E-04  0.126691E+07  0.126691E+07  0.168864E+07  0.168862E+07  0.000000E+00  0.126691E+07
  0.355367E-04  0.126691E+07  0.126691E+07  0.168860E+07  0.168858E+07  0.000000E+00  0.126691E+07
  0.367412E-04  0.126691E+07  0.126691E+07  0.168855E+07  0.168854E+07  0.000000E+00  0.126691E+07
  0.379866E-04  0.126691E+07  0.126691E+07  0.168850E+07  0.168849E+07  0.000000E+00  0.126691E+07
  0.392741E-04  0.126691E+07  0.126691E+07  0.168845E+07  0.168844E+07  0.000000E+00  0.126691E+07
  0.406053E-04  0.126691E+07  0.126691E+07  0.168840E+07  0.168838E+07  0.000000E+00  0.126691E+07
  0.419817E-04  0.126691E+07  0.126691E+07  0.168834E+07  0.168832E+07  0.000000E+00  0.126691E+07
  0.434046E-04  0.126691E+07  0.126691E+07  0.168828E+07  0.168826E+07  0.000000E+00  0.126691E+07
  0.448758E-04  0.126691E+07  0.126691E+07  0.168822E+07  0.168819E+07  0.000000E+00  0.126691E+07
  0.463969E-04  0.126691E+07  0.126691E+07  0.168815E+07  0.168812E+07  0.000000E+00  0.126691E+07
  0.479695E-04  0.126690E+07  0.126690E+07  0.168807E+07  0.168805E+07  0.000000E+00  0.126690E+07
  0.495955E-04  0.126690E+07  0.126690E+07  0.168799E+07  0.168796E+07  0.000000E+00  0.126690E+07
  0.512765E-04  0.126690E+07  0.126690E+07  0.168791E+07  0.168788E+07  0.000000E+00  0.126690E+07
  0.530145E-04  0.126690E+07  0.126690E+07  0.168782E+07  0.168778E+07  0.000000E+00  0.126690E+07
  0.548115E-04  0.126690E+07  0.126690E+07  0.168772E+07  0.168768E+07  0.000000E+00  0.126690E+07
  0.566693E-04  0.126690E+07  0.126690E+07  0.168761E+07  0.168758E+07  0.000000E+00  0.126690E+07
  0.585901E-04  0.126689E+07  0.126689E+07  0.168750E+07  0.168746E+07  0.000000E+00  0.126689E+07
  0.605760E-04  0.126689E+07  0.126689E+07  0.168738E+07  0.168734E+07  0.000000E+00  0.126689E+07
  0.626293E-04  0.126689E+07  0.126689E+07  0.168726E+07  0.168721E+07  0.000000E+00  0.126689E+07
  0.647521E-04  0.126689E+07  0.126689E+07  0.168712E+07  0.168707E+07  0.000000E+00  0.126689E+07
  0.669469E-04  0.126689E+07  0.126688E+07  0.168697E+07  0.168692E+07  0.000000E+00  0.126689E+07
  0.692161E-04  0.126688E+07  0.126688E+07  0.168682E+07  0.168676E+07  0.000000E+00  0.126688E+07
  0.715621E-04  0.126688E+07  0.126688E+07  0.168665E+07  0.168659E+07  0.000000E+00  0.126688E+07
  0.739877E-04  0.126688E+07  0.126688E+07  0.168647E+07  0.168641E+07  0.000000E+00  0.126688E+07
  0.764956E-04  0.126687E+07  0.126687E+07  0.168628E+07  0.168622E+07  0.000000E+00  0.126687E+07
  0.790884E-04  0.126687E+07  0.126687E+07  0.168608E+07  0.168601E+07  0.000000E+00  0.126687E+07
  0.817691E-04  0.126687E+07  0.126687E+07  0.168586E+07  0.168579E+07  0.000000E+00  0.126687E+07
  0.845407E-04  0.126686E+07  0.126686E+07  0.168563E+07  0.168555E+07  0.000000E+00  0.126686E+07
  0.874062E-04  0.126686E+07  0.126686E+07  0.168538E+07  0.168529E+07  0.000000E+00  0.126686E+07
  0.903688E-04  0.126685E+07  0.126685E+07  0.168512E+07  0.168502E+07  0.000000E+00  0.126685E+07
  0.934319E-04  0.126685E+07  0.126685E+07  0.168484E+07  0.168473E+07  0.000000E+00  0.126685E+07
  0.965988E-04  0.126684E+07  0.126684E+07  0.168453E+07  0.168442E+07  0.000000E+00  0.126684E+07
  0.998730E-04  0.126684E+07  0.126684E+07  0.168421E+07  0.168409E+07  0.000000E+00  0.126684E+07
  0.103258E-03  0.126683E+07  0.126683E+07  0.168386E+07  0.168374E+07  0.000000E+00  0.126683E+07
  0.106758E-03  0.126683E+07  0.126682E+07  0.168349E+07  0.168336E+07  0.000000E+00  0.126682E+07
  0.110377E-03  0.126682E+07  0.126682E+07  0.168310E+07  0.168296E+07  0.000000E+00  0.126682E+07
  0.114118E-03  0.126681E+07  0.126681E+07  0.168268E+07  0.168252E+07  0.000000E+00  0.126681E+07
  0.117986E-03  0.126680E+07  0.126680E+07  0.168223E+07  0.168206E+07  0.000000E+00  0.126680E+07
  0.121985E-03  0.126679E+07  0.126679E+07  0.168174E+07  0.168157E+07  0.000000E+00  0.126679E+07
  0.126120E-03  0.126679E+07  0.126678E+07  0.168123E+07  0.168104E+07  0.000000E+00  0.126679E+07
  0.130395E-03  0.126678E+07  0.126677E+07  0.168068E+07  0.168048E+07  0.000000E+00  0.126678E+07
  0.134814E-03  0.126677E+07  0.126676E+07  0.168009E+07  0.167988E+07  0.000000E+00  0.126677E+07
  0.139384E-03  0.126676E+07  0.126675E+07  0.167946E+07  0.167923E+07  0.000000E+00  0.126676E+07
  0.144108E-03  0.126674E+07  0.126674E+07  0.167879E+07  0.167855E+07  0.000000E+00  0.126674E+07
  0.148993E-03  0.126673E+07  0.126673E+07  0.167807E+07  0.167781E+07  0.000000E+00  0.126673E+07
  0.154043E-03  0.126672E+07  0.126672E+07  0.167730E+07  0.167703E+07  0.000000E+00  0.126672E+07
  0.159264E-03  0.126670E+07  0.126670E+07  0.167648E+07  0.167619E+07  0.000000E+00  0.126670E+07
  0.164663E-03  0.126669E+07  0.126669E+07  0.167561E+07  0.167529E+07  0.000000E+00  0.126669E+07
  0.170244E-03  0.126667E+07  0.126667E+07  0.167467E+07  0.167434E+07  0.000000E+00  0.126667E+07
  0.176014E-03  0.126666E+07  0.126665E+07  0.167367E+07  0.167332E+07  0.000000E+00  0.126665E+07
  0.181981E-03  0.126664E+07  0.126663E+07  0.167261E+07  0.167222E+07  0.000000E+00  0.126664E+07
  0.188149E-03  0.126662E+07  0.126661E+07  0.167147E+07  0.167106E+07  0.000000E+00  0.126662E+07
  0.194526E-03  0.126660E+07  0.126659E+07  0.167025E+07  0.166981E+07  0.000000E+00  0.126659E+07
  0.201120E-03  0.126657E+07  0.126657E+07  0.166895E+07  0.166848E+07  0.000000E+00  0.126657E+07
  0.207937E-03  0.126655E+07  0.126654E+07  0.166756E+07  0.166706E+07  0.000000E+00  0.126655E+07
  0.214985E-03  0.126652E+07  0.126652E+07  0.166607E+07  0.166554E+07  0.000000E+00  0.126652E+07
  0.222271E-03  0.126650E+07  0.126649E+07  0.166448E+07  0.166392E+07  0.000000E+00  0.126649E+07
  0.229805E-03  0.126647E+07  0.126646E+07  0.166279E+07  0.166218E+07  0.000000E+00  0.126646E+07
  0.237595E-03  0.126643E+07  0.126643E+07  0.166098E+07  0.166033E+07  0.000000E+00  0.126643E+07
  0.245648E-03  0.126640E+07  0.126639E+07  0.165905E+07  0.165836E+07  0.000000E+00  0.126640E+07
  0.253974E-03  0.126636E+07  0.126636E+07  0.165699E+07  0.165625E+07  0.000000E+00  0.126636E+07
  0.262583E-03  0.126633E+07  0.126632E+07  0.165479E+07  0.165400E+07  0.000000E+00  0.126632E+07
  0.271483E-03  0.126628E+07  0.126628E+07  0.165243E+07  0.165159E+07  0.000000E+00  0.126628E+07
  0.280685E-03  0.126624E+07  0.126623E+07  0.164992E+07  0.164903E+07  0.000000E+00  0.126624E+07
  0.290199E-03  0.126619E+07  0.126618E+07  0.164725E+07  0.164629E+07  0.000000E+00  0.126619E+07
  0.300035E-03  0.126614E+07  0.126613E+07  0.164439E+07  0.164337E+07  0.000000E+00  0.126614E+07
  0.310205E-03  0.126609E+07  0.126608E+07  0.164134E+07  0.164025E+07  0.000000E+00  0.126609E+07
  0.320719E-03  0.126603E+07  0.126602E+07  0.163808E+07  0.163692E+07  0.000000E+00  0.126603E+07
  0.331590E-03  0.126597E+07  0.126596E+07  0.163461E+07  0.163337E+07  0.000000E+00  0.126597E+07
  0.342829E-03  0.126591E+07  0.126589E+07  0.163090E+07  0.162958E+07  0.000000E+00  0.126590E+07
  0.354450E-03  0.126584E+07  0.126582E+07  0.162695E+07  0.162554E+07  0.000000E+00  0.126583E+07
  0.366464E-03  0.126576E+07  0.126575E+07  0.162273E+07  0.162123E+07  0.000000E+00  0.126576E+07
  0.378885E-03  0.126568E+07  0.126566E+07  0.161824E+07  0.161664E+07  0.000000E+00  0.126568E+07
  0.391727E-03  0.126560E+07  0.126558E+07  0.161345E+07  0.161174E+07  0.000000E+00  0.126559E+07
  0.405005E-03  0.126551E+07  0.126549E+07  0.160834E+07  0.160652E+07  0.000000E+00  0.126550E+07
  0.418733E-03  0.126541E+07  0.126539E+07  0.160289E+07  0.160096E+07  0.000000E+00  0.126540E+07
  0.432926E-03  0.126530E+07  0.126528E+07  0.159709E+07  0.159504E+07  0.000000E+00  0.126530E+07
  0.447600E-03  0.126519E+07  0.126517E+07  0.159091E+07  0.158872E+07  0.000000E+00  0.126519E+07
  0.462771E-03  0.126507E+07  0.126505E+07  0.158433E+07  0.158200E+07  0.000000E+00  0.126507E+07
  0.478457E-03  0.126495E+07  0.126492E+07  0.157732E+07  0.157485E+07  0.000000E+00  0.126494E+07
  0.494674E-03  0.126481E+07  0.126478E+07  0.156986E+07  0.156723E+07  0.000000E+00  0.126481E+07
  0.511441E-03  0.126467E+07  0.126464E+07  0.156193E+07  0.155913E+07  0.000000E+00  0.126466E+07
  0.528777E-03  0.126451E+07  0.126448E+07  0.155348E+07  0.155051E+07  0.000000E+00  0.126451E+07
  0.546700E-03  0.126435E+07  0.126431E+07  0.154450E+07  0.154135E+07  0.000000E+00  0.126434E+07
  0.565230E-03  0.126417E+07  0.126414E+07  0.153496E+07  0.153161E+07  0.000000E+00  0.126417E+07
  0.584389E-03  0.126399E+07  0.126394E+07  0.152481E+07  0.152126E+07  0.000000E+00  0.126398E+07
  0.604196E-03  0.126379E+07  0.126374E+07  0.151404E+07  0.151027E+07  0.000000E+00  0.126378E+07
  0.624676E-03  0.126357E+07  0.126352E+07  0.150259E+07  0.149861E+07  0.000000E+00  0.126356E+07
  0.645849E-03  0.126334E+07  0.126329E+07  0.149045E+07  0.148623E+07  0.000000E+00  0.126334E+07
  0.667740E-03  0.126310E+07  0.126305E+07  0.147757E+07  0.147310E+07  0.000000E+00  0.126309E+07
  0.690374E-03  0.126284E+07  0.126278E+07  0.146392E+07  0.145919E+07  0.000000E+00  0.126283E+07
  0.713774E-03  0.126256E+07  0.126250E+07  0.144945E+07  0.144446E+07  0.000000E+00  0.126255E+07
  0.737967E-03  0.126227E+07  0.126220E+07  0.143413E+07  0.142886E+07  0.000000E+00  0.126226E+07
  0.762981E-03  0.126195E+07  0.126188E+07  0.141792E+07  0.141236E+07  0.000000E+00  0.126194E+07
  0.788842E-03  0.126162E+07  0.126154E+07  0.140078E+07  0.139492E+07  0.000000E+00  0.126160E+07
  0.815580E-03  0.126126E+07  0.126118E+07  0.138266E+07  0.137650E+07  0.000000E+00  0.126124E+07
  0.843224E-03  0.126088E+07  0.126079E+07  0.136354E+07  0.135706E+07  0.000000E+00  0.126086E+07
  0.871805E-03  0.126047E+07  0.126038E+07  0.134337E+07  0.133656E+07  0.000000E+00  0.126045E+07
  0.901355E-03  0.126003E+07  0.125994E+07  0.132211E+07  0.131498E+07  0.000000E+00  0.126002E+07
  0.931907E-03  0.125957E+07  0.125947E+07  0.129974E+07  0.129226E+07  0.000000E+00  0.125955E+07
  0.963494E-03  0.125908E+07  0.125897E+07  0.127621E+07  0.126839E+07  0.000000E+00  0.125906E+07
  0.996152E-03  0.125855E+07  0.125843E+07  0.125149E+07  0.124332E+07  0.000000E+00  0.125853E+07
  0.102992E-02  0.125800E+07  0.125787E+07  0.122556E+07  0.121705E+07  0.000000E+00  0.125797E+07
  0.106483E-02  0.125740E+07  0.125726E+07  0.119839E+07  0.118954E+07  0.000000E+00  0.125738E+07
  0.110092E-02  0.125677E+07  0.125662E+07  0.116998E+07  0.116078E+07  0.000000E+00  0.125674E+07
  0.113823E-02  0.125609E+07  0.125594E+07  0.114030E+07  0.113077E+07  0.000000E+00  0.125607E+07
  0.117681E-02  0.125538E+07  0.125521E+07  0.110935E+07  0.109950E+07  0.000000E+00  0.125535E+07
  0.121670E-02  0.125462E+07  0.125443E+07  0.107714E+07  0.106698E+07  0.000000E+00  0.125458E+07
  0.125794E-02  0.125381E+07  0.125361E+07  0.104368E+07  0.103323E+07  0.000000E+00  0.125377E+07
  0.130058E-02  0.125295E+07  0.125274E+07  0.100899E+07  0.998276E+06  0.000000E+00  0.125291E+07
  0.134466E-02  0.125203E+07  0.125181E+07  0.973117E+06  0.962165E+06  0.000000E+00  0.125199E+07
  0.139024E-02  0.125106E+07  0.125083E+07  0.936108E+06  0.924952E+06  0.000000E+00  0.125102E+07
  0.143736E-02  0.125003E+07  0.124978E+07  0.898027E+06  0.886705E+06  0.000000E+00  0.124999E+07
  0.148608E-02  0.124894E+07  0.124867E+07  0.858957E+06  0.847514E+06  0.000000E+00  0.124890E+07
  0.153645E-02  0.124778E+07  0.124750E+07  0.818996E+06  0.807481E+06  0.000000E+00  0.124773E+07
  0.158853E-02  0.124656E+07  0.124625E+07  0.778262E+06  0.766731E+06  0.000000E+00  0.124651E+07
  0.164238E-02  0.124526E+07  0.124493E+07  0.736894E+06  0.725406E+06  0.000000E+00  0.124520E+07
  0.169804E-02  0.124388E+07  0.124353E+07  0.695047E+06  0.683668E+06  0.000000E+00  0.124382E+07
  0.175560E-02  0.124243E+07  0.124206E+07  0.652901E+06  0.641700E+06  0.000000E+00  0.124237E+07
  0.181511E-02  0.124089E+07  0.124049E+07  0.610654E+06  0.599704E+06  0.000000E+00  0.124082E+07
  0.187663E-02  0.123927E+07  0.123884E+07  0.568525E+06  0.557900E+06  0.000000E+00  0.123920E+07
  0.194024E-02  0.123755E+07  0.123710E+07  0.526752E+06  0.516526E+06  0.000000E+00  0.123748E+07
  0.200600E-02  0.123574E+07  0.123526E+07  0.485590E+06  0.475836E+06  0.000000E+00  0.123566E+07
  0.207400E-02  0.123384E+07  0.123332E+07  0.445307E+06  0.436093E+06  0.000000E+00  0.123375E+07
  0.214430E-02  0.123183E+07  0.123127E+07  0.406181E+06  0.397569E+06  0.000000E+00  0.123173E+07
  0.221698E-02  0.122971E+07  0.122912E+07  0.368499E+06  0.360539E+06  0.000000E+00  0.122961E+07
  0.229212E-02  0.122749E+07  0.122685E+07  0.332543E+06  0.325273E+06  0.000000E+00  0.122738E+07
  0.236981E-02  0.122515E+07  0.122447E+07  0.298590E+06  0.292032E+06  0.000000E+00  0.122503E+07
  0.245014E-02  0.122269E+07  0.122197E+07  0.266901E+06  0.261055E+06  0.000000E+00  0.122257E+07
  0.253319E-02  0.122012E+07  0.121935E+07  0.237715E+06  0.232557E+06  0.000000E+00  0.121999E+07
  0.261905E-02  0.121742E+07  0.121659E+07  0.211232E+06  0.206712E+06  0.000000E+00  0.121728E+07
  0.270782E-02  0.121459E+07  0.121371E+07  0.187612E+06  0.183650E+06  0.000000E+00  0.121444E+07
  0.279960E-02  0.121163E+07  0.121070E+07  0.166958E+06  0.163443E+06  0.000000E+00  0.121147E+07
  0.289450E-02  0.120854E+07  0.120754E+07  0.149309E+06  0.146100E+06  0.000000E+00  0.120837E+07
  0.299260E-02  0.120531E+07  0.120424E+07  0.134631E+06  0.131560E+06  0.000000E+00  0.120513E+07
  0.309404E-02  0.120195E+07  0.120080E+07  0.122810E+06  0.119684E+06  0.000000E+00  0.120175E+07
  0.319891E-02  0.119843E+07  0.119722E+07  0.113651E+06  0.110260E+06  0.000000E+00  0.119823E+07
  0.330734E-02  0.119478E+07  0.119348E+07  0.106875E+06  0.103002E+06  0.000000E+00  0.119456E+07
  0.341944E-02  0.119097E+07  0.118959E+07  0.102126E+06  0.975603E+05  0.000000E+00  0.119074E+07
  0.353535E-02  0.118702E+07  0.118554E+07  0.989800E+05  0.935334E+05  0.000000E+00  0.118676E+07
  0.365518E-02  0.118291E+07  0.118133E+07  0.969657E+05  0.904880E+05  0.000000E+00  0.118264E+07
  0.377907E-02  0.117864E+07  0.117696E+07  0.955840E+05  0.879827E+05  0.000000E+00  0.117836E+07
  0.390716E-02  0.117422E+07  0.117242E+07  0.943379E+05  0.855961E+05  0.000000E+00  0.117391E+07
  0.403959E-02  0.116963E+07  0.116772E+07  0.927654E+05  0.829577E+05  0.000000E+00  0.116931E+07
  0.417652E-02  0.116488E+07  0.116284E+07  0.904751E+05  0.797779E+05  0.000000E+00  0.116453E+07
  0.431808E-02  0.115997E+07  0.115779E+07  0.871803E+05  0.758748E+05  0.000000E+00  0.115959E+07
  0.446444E-02  0.115488E+07  0.115255E+07  0.827286E+05  0.711943E+05  0.000000E+00  0.115448E+07
  0.461576E-02  0.114962E+07  0.114714E+07  0.771227E+05  0.658178E+05  0.000000E+00  0.114920E+07
  0.477222E-02  0.114418E+07  0.114154E+07  0.705267E+05  0.599561E+05  0.000000E+00  0.114373E+07
  0.493397E-02  0.113857E+07  0.113575E+07  0.632557E+05  0.539263E+05  0.000000E+00  0.113808E+07
  0.510121E-02  0.113277E+07  0.112977E+07  0.557435E+05  0.481105E+05  0.000000E+00  0.113225E+07
  0.527412E-02  0.112678E+07  0.112358E+07  0.484923E+05  0.429010E+05  0.000000E+00  0.112623E+07
  0.545288E-02  0.112060E+07  0.111720E+07  0.420035E+05  0.386360E+05  0.000000E+00  0.112002E+07
  0.563771E-02  0.111424E+07  0.111061E+07  0.367002E+05  0.355362E+05  0.000000E+00  0.111362E+07
  0.582880E-02  0.110767E+07  0.110381E+07  0.328519E+05  0.336542E+05  0.000000E+00  0.110701E+07
  0.602637E-02  0.110091E+07  0.109680E+07  0.305154E+05  0.328490E+05  0.000000E+00  0.110021E+07
  0.623063E-02  0.109394E+07  0.108957E+07  0.295078E+05  0.327962E+05  0.000000E+00  0.109320E+07
  0.644182E-02  0.108677E+07  0.108211E+07  0.589244E+06  0.000000E+00  0.000000E+00  0.108598E+07
  0.666016E-02  0.107940E+07  0.107444E+07  0.582981E+06  0.000000E+00  0.000000E+00  0.107855E+07
  0.688591E-02  0.107181E+07  0.106653E+07  0.576766E+06  0.000000E+00  0.000000E+00  0.107091E+07
  0.711931E-02  0.106400E+07  0.105839E+07  0.570596E+06  0.000000E+00  0.000000E+00  0.106305E+07
  0.736062E-02  0.105598E+07  0.105001E+07  0.564463E+06  0.000000E+00  0.000000E+00  0.105496E+07
  0.761011E-02  0.104774E+07  0.104140E+07  0.558363E+06  0.000000E+00  0.000000E+00  0.104666E+07
  0.786805E-02  0.103928E+07  0.103253E+07  0.552286E+06  0.000000E+00  0.000000E+00  0.103813E+07
  0.813474E-02  0.103059E+07  0.102342E+07  0.546227E+06  0.000000E+00  0.000000E+00  0.102937E+07
  0.841047E-02  0.102167E+07  0.101406E+07  0.540175E+06  0.000000E+00  0.000000E+00  0.102037E+07
  0.869555E-02  0.101252E+07  0.100444E+07  0.534122E+06  0.000000E+00  0.000000E+00  0.101114E+07
  0.899028E-02  0.100314E+07  0.994555E+06  0.528059E+06  0.000000E+00  0.000000E+00  0.100167E+07
  0.929501E-02  0.993517E+06  0.984407E+06  0.521976E+06  0.000000E+00  0.000000E+00  0.991963E+06
  0.961007E-02  0.983655E+06  0.973990E+06  0.515863E+06  0.000000E+00  0.000000E+00  0.982006E+06
  0.993580E-02  0.973549E+06  0.963300E+06  0.509711E+06  0.000000E+00  0.000000E+00  0.971801E+06
  0.102726E-01  0.963198E+06  0.952333E+06  0.503509E+06  0.000000E+00  0.000000E+00  0.961345E+06
  0.106208E-01  0.952598E+06  0.941086E+06  0.497248E+06  0.000000E+00  0.000000E+00  0.950635E+06
  0.109808E-01  0.941748E+06  0.929555E+06  0.490919E+06  0.000000E+00  0.000000E+00  0.939668E+06
  0.113529E-01  0.930644E+06  0.917737E+06  0.484512E+06  0.000000E+00  0.000000E+00  0.928443E+06
  0.117378E-01  0.919285E+06  0.905628E+06  0.478018E+06  0.000000E+00  0.000000E+00  0.916956E+06
  0.121356E-01  0.907668E+06  0.893227E+06  0.471432E+06  0.000000E+00  0.000000E+00  0.905205E+06
  0.125469E-01  0.895792E+06  0.880531E+06  0.464744E+06  0.000000E+00  0.000000E+00  0.893189E+06
  0.129722E-01  0.883656E+06  0.867537E+06  0.457948E+06  0.000000E+00  0.000000E+00  0.880907E+06
  0.134119E-01  0.871258E+06  0.854245E+06  0.451040E+06  0.000000E+00  0.000000E+00  0.868357E+06
  0.138665E-01  0.858598E+06  0.840655E+06  0.444015E+06  0.000000E+00  0.000000E+00  0.855538E+06
  0.143365E-01  0.845676E+06  0.826765E+06  0.436868E+06  0.000000E+00  0.000000E+00  0.842451E+06
  0.148225E-01  0.832492E+06  0.812578E+06  0.429598E+06  0.000000E+00  0.000000E+00  0.829096E+06
  0.153249E-01  0.819048E+06  0.798096E+06  0.422202E+06  0.000000E+00  0.000000E+00  0.815474E+06
  0.158443E-01  0.805345E+06  0.783321E+06  0.414681E+06  0.000000E+00  0.000000E+00  0.801589E+06
  0.163814E-01  0.791387E+06  0.768259E+06  0.407034E+06  0.000000E+00  0.000000E+00  0.787443E+06
  0.169366E-01  0.777178E+06  0.752916E+06  0.399264E+06  0.000000E+00  0.000000E+00  0.773040E+06
  0.175107E-01  0.762723E+06  0.737299E+06  0.391373E+06  0.000000E+00  0.000000E+00  0.758387E+06
  0.181042E-01  0.748028E+06  0.721420E+06  0.383364E+06  0.000000E+00  0.000000E+00  0.743490E+06
  0.187178E-01  0.733102E+06  0.705290E+06  0.375243E+06  0.000000E+00  0.000000E+00  0.728359E+06
  0.193523E-01  0.717954E+06  0.688924E+06  0.367016E+06  0.000000E+00  0.000000E+00  0.713003E+06
  0.200082E-01  0.702596E+06  0.672338E+06  0.358690E+06  0.000000E+00  0.000000E+00  0.697436E+06
  0.206864E-01  0.687041E+06  0.655555E+06  0.350272E+06  0.000000E+00  0.000000E+00  0.681672E+06
  0.213876E-01  0.671306E+06  0.638596E+06  0.341774E+06  0.000000E+00  0.000000E+00  0.665728E+06
  0.221125E-01  0.655409E+06  0.621489E+06  0.333206E+06  0.000000E+00  0.000000E+00  0.649624E+06
  0.228620E-01  0.639370E+06  0.604263E+06  0.324580E+06  0.000000E+00  0.000000E+00  0.633383E+06
  0.236370E-01  0.623214E+06  0.586954E+06  0.315911E+06  0.000000E+00  0.000000E+00  0.617030E+06
  0.244381E-01  0.606966E+06  0.569599E+06  0.307214E+06  0.000000E+00  0.000000E+00  0.600593E+06
  0.252665E-01  0.590656E+06  0.552240E+06  0.298507E+06  0.000000E+00  0.000000E+00  0.584104E+06
  0.261229E-01  0.574316E+06  0.534924E+06  0.289810E+06  0.000000E+00  0.000000E+00  0.567598E+06
  0.270083E-01  0.557983E+06  0.517700E+06  0.281142E+06  0.000000E+00  0.000000E+00  0.551113E+06
  0.279238E-01  0.541695E+06  0.500623E+06  0.272526E+06  0.000000E+00  0.000000E+00  0.534690E+06
  0.288702E-01  0.525494E+06  0.483751E+06  0.263988E+06  0.000000E+00  0.000000E+00  0.518375E+06
  0.298488E-01  0.509424E+06  0.467143E+06  0.255552E+06  0.000000E+00  0.000000E+00  0.502213E+06
  0.308605E-01  0.493533E+06  0.450865E+06  0.247247E+06  0.000000E+00  0.000000E+00  0.486256E+06
  0.319065E-01  0.477754E+06  0.434864E+06  0.239037E+06  0.000000E+00  0.000000E+00  0.470440E+06
  0.329880E-01  0.465142E+06  0.422195E+06  0.232519E+06  0.000000E+00  0.000000E+00  0.457818E+06
  0.341062E-01  0.449946E+06  0.407151E+06  0.224696E+06  0.000000E+00  0.000000E+00  0.442647E+06
  0.352622E-01  0.435130E+06  0.392695E+06  0.217118E+06  0.000000E+00  0.000000E+00  0.427893E+06
  0.364574E-01  0.420747E+06  0.378890E+06  0.209812E+06  0.000000E+00  0.000000E+00  0.413609E+06
  0.376931E-01  0.406847E+06  0.365791E+06  0.202805E+06  0.000000E+00  0.000000E+00  0.399845E+06
  0.389707E-01  0.393468E+06  0.353442E+06  0.196117E+06  0.000000E+00  0.000000E+00  0.386642E+06
  0.402916E-01  0.380642E+06  0.341872E+06  0.189764E+06  0.000000E+00  0.000000E+00  0.374030E+06
  0.416573E-01  0.368388E+06  0.331092E+06  0.183752E+06  0.000000E+00  0.000000E+00  0.362027E+06
  0.430693E-01  0.355017E+06  0.319411E+06  0.177198E+06  0.000000E+00  0.000000E+00  0.348944E+06
  0.445292E-01  0.343881E+06  0.310145E+06  0.171843E+06  0.000000E+00  0.000000E+00  0.338128E+06
  0.460385E-01  0.333299E+06  0.301592E+06  0.166805E+06  0.000000E+00  0.000000E+00  0.327892E+06
  0.475990E-01  0.323253E+06  0.293702E+06  0.162065E+06  0.000000E+00  0.000000E+00  0.318213E+06
  0.492124E-01  0.313726E+06  0.286419E+06  0.157607E+06  0.000000E+00  0.000000E+00  0.309069E+06
  0.508804E-01  0.304679E+06  0.279655E+06  0.153399E+06  0.000000E+00  0.000000E+00  0.300412E+06
  0.526050E-01  0.296957E+06  0.274196E+06  0.149868E+06  0.000000E+00  0.000000E+00  0.293076E+06
  0.543880E-01  0.288738E+06  0.268175E+06  0.146058E+06  0.000000E+00  0.000000E+00  0.285231E+06
  0.562315E-01  0.280806E+06  0.262312E+06  0.142361E+06  0.000000E+00  0.000000E+00  0.277652E+06
  0.581375E-01  0.273048E+06  0.256435E+06  0.138708E+06  0.000000E+00  0.000000E+00  0.270215E+06
  0.601081E-01  0.265343E+06  0.250368E+06  0.135024E+06  0.000000E+00  0.000000E+00  0.262789E+06
  0.621454E-01  0.256934E+06  0.243311E+06  0.130907E+06  0.000000E+00  0.000000E+00  0.254611E+06
  0.642519E-01  0.249028E+06  0.236426E+06  0.126978E+06  0.000000E+00  0.000000E+00  0.246879E+06
  0.664297E-01  0.240944E+06  0.229016E+06  0.122879E+06  0.000000E+00  0.000000E+00  0.238909E+06
  0.686814E-01  0.232652E+06  0.221046E+06  0.118597E+06  0.000000E+00  0.000000E+00  0.230672E+06
  0.710093E-01  0.224455E+06  0.212836E+06  0.114296E+06  0.000000E+00  0.000000E+00  0.222473E+06
  0.734162E-01  0.215763E+06  0.203840E+06  0.109679E+06  0.000000E+00  0.000000E+00  0.213729E+06
  0.759046E-01  0.206835E+06  0.194378E+06  0.104894E+06  0.000000E+00  0.000000E+00  0.204710E+06
  0.784774E-01  0.197745E+06  0.184608E+06  0.100001E+06  0.000000E+00  0.000000E+00  0.195504E+06
  0.811374E-01  0.188638E+06  0.174775E+06  0.950972E+05  0.000000E+00  0.000000E+00  0.186274E+06
  0.838876E-01  0.179705E+06  0.165179E+06  0.903061E+05  0.000000E+00  0.000000E+00  0.177228E+06
  0.867310E-01  0.171138E+06  0.156119E+06  0.857504E+05  0.000000E+00  0.000000E+00  0.168577E+06
  0.896707E-01  0.163095E+06  0.147849E+06  0.815322E+05  0.000000E+00  0.000000E+00  0.160495E+06
  0.927102E-01  0.155685E+06  0.140550E+06  0.777220E+05  0.000000E+00  0.000000E+00  0.153104E+06
  0.958525E-01  0.148974E+06  0.134322E+06  0.743581E+05  0.000000E+00  0.000000E+00  0.146475E+06
  0.991015E-01  0.142984E+06  0.129179E+06  0.714472E+05  0.000000E+00  0.000000E+00  0.140629E+06
  0.102460E+00  0.137697E+06  0.125049E+06  0.689659E+05  0.000000E+00  0.000000E+00  0.135540E+06
  0.105933E+00  0.133041E+06  0.121758E+06  0.668527E+05  0.000000E+00  0.000000E+00  0.131117E+06
  0.109524E+00  0.128860E+06  0.119013E+06  0.649944E+05  0.000000E+00  0.000000E+00  0.127180E+06
  0.113236E+00  0.124911E+06  0.116419E+06  0.632316E+05  0.000000E+00  0.000000E+00  0.123462E+06
  0.117075E+00  0.120943E+06  0.113578E+06  0.614017E+05  0.000000E+00  0.000000E+00  0.119687E+06
  0.121043E+00  0.116770E+06  0.110185E+06  0.593843E+05  0.000000E+00  0.000000E+00  0.115647E+06
  0.125146E+00  0.112277E+06  0.106072E+06  0.571110E+05  0.000000E+00  0.000000E+00  0.111219E+06
  0.129387E+00  0.107420E+06  0.101205E+06  0.545647E+05  0.000000E+00  0.000000E+00  0.106360E+06
  0.133773E+00  0.102251E+06  0.957284E+05  0.517947E+05  0.000000E+00  0.000000E+00  0.101138E+06
  0.138307E+00  0.969297E+05  0.899544E+05  0.489201E+05  0.000000E+00  0.000000E+00  0.957401E+05
  0.142995E+00  0.917028E+05  0.843118E+05  0.461094E+05  0.000000E+00  0.000000E+00  0.904423E+05
  0.147842E+00  0.868495E+05  0.792512E+05  0.435447E+05  0.000000E+00  0.000000E+00  0.855536E+05
  0.152853E+00  0.825827E+05  0.750992E+05  0.413593E+05  0.000000E+00  0.000000E+00  0.813065E+05
  0.158034E+00  0.789790E+05  0.719544E+05  0.395946E+05  0.000000E+00  0.000000E+00  0.777810E+05
  0.163391E+00  0.759628E+05  0.696608E+05  0.381901E+05  0.000000E+00  0.000000E+00  0.748880E+05
  0.168929E+00  0.733207E+05  0.678436E+05  0.369973E+05  0.000000E+00  0.000000E+00  0.723866E+05
  0.174655E+00  0.707882E+05  0.660453E+05  0.358361E+05  0.000000E+00  0.000000E+00  0.699793E+05
  0.180575E+00  0.681127E+05  0.638549E+05  0.345421E+05  0.000000E+00  0.000000E+00  0.673865E+05
  0.186695E+00  0.651306E+05  0.610442E+05  0.330188E+05  0.000000E+00  0.000000E+00  0.644337E+05
  0.193023E+00  0.618725E+05  0.576987E+05  0.312975E+05  0.000000E+00  0.000000E+00  0.611607E+05
  0.199566E+00  0.585283E+05  0.541614E+05  0.295126E+05  0.000000E+00  0.000000E+00  0.577836E+05
  0.206330E+00  0.553424E+05  0.508614E+05  0.278315E+05  0.000000E+00  0.000000E+00  0.545782E+05
  0.213324E+00  0.525503E+05  0.481656E+05  0.264039E+05  0.000000E+00  0.000000E+00  0.518026E+05
  0.220554E+00  0.502281E+05  0.461653E+05  0.252700E+05  0.000000E+00  0.000000E+00  0.495352E+05
  0.228030E+00  0.482345E+05  0.446143E+05  0.243305E+05  0.000000E+00  0.000000E+00  0.476171E+05
  0.235759E+00  0.463415E+05  0.431206E+05  0.234306E+05  0.000000E+00  0.000000E+00  0.457922E+05
  0.243750E+00  0.443392E+05  0.413487E+05  0.224348E+05  0.000000E+00  0.000000E+00  0.438292E+05
  0.252012E+00  0.421616E+05  0.392187E+05  0.213083E+05  0.000000E+00  0.000000E+00  0.416597E+05
  0.260554E+00  0.399209E+05  0.369431E+05  0.201333E+05  0.000000E+00  0.000000E+00  0.394131E+05
  0.269386E+00  0.378180E+05  0.348599E+05  0.190443E+05  0.000000E+00  0.000000E+00  0.373135E+05
  0.278517E+00  0.359873E+05  0.331779E+05  0.181259E+05  0.000000E+00  0.000000E+00  0.355082E+05
  0.287957E+00  0.344034E+05  0.318328E+05  0.173544E+05  0.000000E+00  0.000000E+00  0.339650E+05
  0.297717E+00  0.329027E+05  0.305529E+05  0.166205E+05  0.000000E+00  0.000000E+00  0.325019E+05
  0.307808E+00  0.313556E+05  0.291298E+05  0.158405E+05  0.000000E+00  0.000000E+00  0.309760E+05
  0.318242E+00  0.297530E+05  0.275708E+05  0.150147E+05  0.000000E+00  0.000000E+00  0.293808E+05
  0.329028E+00  0.282068E+05  0.260704E+05  0.142201E+05  0.000000E+00  0.000000E+00  0.278424E+05
  0.340181E+00  0.268161E+05  0.247858E+05  0.135201E+05  0.000000E+00  0.000000E+00  0.264698E+05
  0.351711E+00  0.255653E+05  0.236800E+05  0.129008E+05  0.000000E+00  0.000000E+00  0.252438E+05
  0.363633E+00  0.243571E+05  0.225924E+05  0.122976E+05  0.000000E+00  0.000000E+00  0.240562E+05
  0.375958E+00  0.231404E+05  0.214470E+05  0.116791E+05  0.000000E+00  0.000000E+00  0.228516E+05
  0.388701E+00  0.219523E+05  0.203157E+05  0.110730E+05  0.000000E+00  0.000000E+00  0.216732E+05
  0.401876E+00  0.208536E+05  0.192976E+05  0.105189E+05  0.000000E+00  0.000000E+00  0.205882E+05
  0.415498E+00  0.198394E+05  0.183789E+05  0.100117E+05  0.000000E+00  0.000000E+00  0.195903E+05
  0.429581E+00  0.188597E+05  0.174782E+05  0.951860E+04  0.000000E+00  0.000000E+00  0.186241E+05
  0.444142E+00  0.179006E+05  0.165784E+05  0.903205E+04  0.000000E+00  0.000000E+00  0.176751E+05
  0.459196E+00  0.169901E+05  0.157295E+05  0.857151E+04  0.000000E+00  0.000000E+00  0.167751E+05
  0.474761E+00  0.161401E+05  0.149490E+05  0.814419E+04  0.000000E+00  0.000000E+00  0.159370E+05
  0.490853E+00  0.153286E+05  0.142009E+05  0.773541E+04  0.000000E+00  0.000000E+00  0.151363E+05
  0.507490E+00  0.145456E+05  0.134717E+05  0.733941E+04  0.000000E+00  0.000000E+00  0.143624E+05
  0.524692E+00  0.138026E+05  0.127823E+05  0.696428E+04  0.000000E+00  0.000000E+00  0.136286E+05
  0.542476E+00  0.131010E+05  0.121352E+05  0.661088E+04  0.000000E+00  0.000000E+00  0.129363E+05
  0.560863E+00  0.124304E+05  0.115140E+05  0.627246E+04  0.000000E+00  0.000000E+00  0.122741E+05
  0.579874E+00  0.117903E+05  0.109199E+05  0.594922E+04  0.000000E+00  0.000000E+00  0.116419E+05
  0.599529E+00  0.111841E+05  0.103591E+05  0.564347E+04  0.000000E+00  0.000000E+00  0.110434E+05
  0.619850E+00  0.106073E+05  0.982520E+04  0.535250E+04  0.000000E+00  0.000000E+00  0.104739E+05
  0.640860E+00  0.100577E+05  0.931577E+04  0.507511E+04  0.000000E+00  0.000000E+00  0.993121E+04
  0.662582E+00  0.953621E+04  0.883293E+04  0.481200E+04  0.000000E+00  0.000000E+00  0.941627E+04
  0.685040E+00  0.904041E+04  0.837379E+04  0.456183E+04  0.000000E+00  0.000000E+00  0.892672E+04
  0.708260E+00  0.856895E+04  0.793703E+04  0.432392E+04  0.000000E+00  0.000000E+00  0.846118E+04
  0.732266E+00  0.812127E+04  0.752247E+04  0.409804E+04  0.000000E+00  0.000000E+00  0.801915E+04
  0.757086E+00  0.769579E+04  0.712837E+04  0.388335E+04  0.000000E+00  0.000000E+00  0.759902E+04
  0.782748E+00  0.729172E+04  0.675412E+04  0.367946E+04  0.000000E+00  0.000000E+00  0.720004E+04
  0.809279E+00  0.690800E+04  0.639873E+04  0.348584E+04  0.000000E+00  0.000000E+00  0.682115E+04
  0.836710E+00  0.654361E+04  0.606121E+04  0.330197E+04  0.000000E+00  0.000000E+00  0.646134E+04
  0.865070E+00  0.619777E+04  0.574090E+04  0.312746E+04  0.000000E+00  0.000000E+00  0.611985E+04
  0.894392E+00  0.586950E+04  0.543684E+04  0.296182E+04  0.000000E+00  0.000000E+00  0.579571E+04
  0.924707E+00  0.555798E+04  0.514831E+04  0.280463E+04  0.000000E+00  0.000000E+00  0.548812E+04
  0.956051E+00  0.526240E+04  0.487453E+04  0.265548E+04  0.000000E+00  0.000000E+00  0.519625E+04
  0.988457E+00  0.498194E+04  0.461476E+04  0.251396E+04  0.000000E+00  0.000000E+00  0.491932E+04
  0.102196E+01  0.471590E+04  0.436835E+04  0.237972E+04  0.000000E+00  0.000000E+00  0.465663E+04
  0.105660E+01  0.446354E+04  0.413460E+04  0.225238E+04  0.000000E+00  0.000000E+00  0.440744E+04
  0.109241E+01  0.422424E+04  0.391294E+04  0.213162E+04  0.000000E+00  0.000000E+00  0.417115E+04
  0.112944E+01  0.399733E+04  0.370277E+04  0.201712E+04  0.000000E+00  0.000000E+00  0.394709E+04
  0.116772E+01  0.378223E+04  0.350353E+04  0.190858E+04  0.000000E+00  0.000000E+00  0.373470E+04
  0.120730E+01  0.357833E+04  0.331466E+04  0.180569E+04  0.000000E+00  0.000000E+00  0.353336E+04
  0.124822E+01  0.338506E+04  0.313564E+04  0.170817E+04  0.000000E+00  0.000000E+00  0.334253E+04
  0.129053E+01  0.320192E+04  0.296600E+04  0.161575E+04  0.000000E+00  0.000000E+00  0.316168E+04
  0.133428E+01  0.302840E+04  0.280527E+04  0.152819E+04  0.000000E+00  0.000000E+00  0.299035E+04
  0.137950E+01  0.286399E+04  0.265298E+04  0.144523E+04  0.000000E+00  0.000000E+00  0.282800E+04
  0.142626E+01  0.270825E+04  0.250872E+04  0.136664E+04  0.000000E+00  0.000000E+00  0.267422E+04
  0.147460E+01  0.256071E+04  0.237206E+04  0.129219E+04  0.000000E+00  0.000000E+00  0.252854E+04
  0.152458E+01  0.242098E+04  0.224263E+04  0.122168E+04  0.000000E+00  0.000000E+00  0.239057E+04
  0.157626E+01  0.228867E+04  0.212007E+04  0.115492E+04  0.000000E+00  0.000000E+00  0.225992E+04
  0.162969E+01  0.216340E+04  0.200403E+04  0.109170E+04  0.000000E+00  0.000000E+00  0.213622E+04
  0.168493E+01  0.204480E+04  0.189418E+04  0.103186E+04  0.000000E+00  0.000000E+00  0.201911E+04
  0.174204E+01  0.193254E+04  0.179018E+04  0.975206E+03  0.000000E+00  0.000000E+00  0.190826E+04
  0.180108E+01  0.182628E+04  0.169176E+04  0.921588E+03  0.000000E+00  0.000000E+00  0.180334E+04
  0.186213E+01  0.172572E+04  0.159860E+04  0.870841E+03  0.000000E+00  0.000000E+00  0.170404E+04
  0.192525E+01  0.163055E+04  0.151045E+04  0.822816E+03  0.000000E+00  0.000000E+00  0.161007E+04
  0.199051E+01  0.154049E+04  0.142703E+04  0.777373E+03  0.000000E+00  0.000000E+00  0.152114E+04
  0.205797E+01  0.145530E+04  0.134811E+04  0.734380E+03  0.000000E+00  0.000000E+00  0.143702E+04
  0.212773E+01  0.137470E+04  0.127345E+04  0.693708E+03  0.000000E+00  0.000000E+00  0.135743E+04
  0.219985E+01  0.129846E+04  0.120283E+04  0.655238E+03  0.000000E+00  0.000000E+00  0.128215E+04
  0.227441E+01  0.122636E+04  0.113604E+04  0.618853E+03  0.000000E+00  0.000000E+00  0.121095E+04
  0.235150E+01  0.115817E+04  0.107287E+04  0.584444E+03  0.000000E+00  0.000000E+00  0.114362E+04
  0.243121E+01  0.109369E+04  0.101314E+04  0.551904E+03  0.000000E+00  0.000000E+00  0.107995E+04
  0.251361E+01  0.103272E+04  0.956658E+03  0.521136E+03  0.000000E+00  0.000000E+00  0.101974E+04
  0.259882E+01  0.975067E+03  0.903256E+03  0.492045E+03  0.000000E+00  0.000000E+00  0.962820E+03
  0.268690E+01  0.920568E+03  0.852771E+03  0.464543E+03  0.000000E+00  0.000000E+00  0.909006E+03
  0.277797E+01  0.869057E+03  0.805054E+03  0.438549E+03  0.000000E+00  0.000000E+00  0.858142E+03
  0.287214E+01  0.820369E+03  0.759952E+03  0.413980E+03  0.000000E+00  0.000000E+00  0.810065E+03
  0.296949E+01  0.774354E+03  0.717326E+03  0.390759E+03  0.000000E+00  0.000000E+00  0.764628E+03
  0.307014E+01  0.730867E+03  0.677042E+03  0.368814E+03  0.000000E+00  0.000000E+00  0.721687E+03
  0.317420E+01  0.689774E+03  0.638975E+03  0.348077E+03  0.000000E+00  0.000000E+00  0.681111E+03
  0.328179E+01  0.650947E+03  0.603008E+03  0.328484E+03  0.000000E+00  0.000000E+00  0.642771E+03
  0.339303E+01  0.614266E+03  0.569028E+03  0.309974E+03  0.000000E+00  0.000000E+00  0.606551E+03
  0.350803E+01  0.579614E+03  0.536928E+03  0.292487E+03  0.000000E+00  0.000000E+00  0.572334E+03
  0.362694E+01  0.546883E+03  0.506607E+03  0.275970E+03  0.000000E+00  0.000000E+00  0.540014E+03
  0.374987E+01  0.515964E+03  0.477966E+03  0.260367E+03  0.000000E+00  0.000000E+00  0.509484E+03
  0.387698E+01  0.486762E+03  0.450914E+03  0.245631E+03  0.000000E+00  0.000000E+00  0.480649E+03
  0.400839E+01  0.459184E+03  0.425366E+03  0.231714E+03  0.000000E+00  0.000000E+00  0.453416E+03
  0.414425E+01  0.433143E+03  0.401242E+03  0.218573E+03  0.000000E+00  0.000000E+00  0.427702E+03
  0.428472E+01  0.408554E+03  0.378464E+03  0.206164E+03  0.000000E+00  0.000000E+00  0.403422E+03
  0.442996E+01  0.385337E+03  0.356956E+03  0.194448E+03  0.000000E+00  0.000000E+00  0.380497E+03
  0.458011E+01  0.363418E+03  0.336651E+03  0.183387E+03  0.000000E+00  0.000000E+00  0.358853E+03
  0.473535E+01  0.342724E+03  0.317481E+03  0.172944E+03  0.000000E+00  0.000000E+00  0.338419E+03
  0.489585E+01  0.323191E+03  0.299386E+03  0.163087E+03  0.000000E+00  0.000000E+00  0.319131E+03
  0.506180E+01  0.304754E+03  0.282306E+03  0.153783E+03  0.000000E+00  0.000000E+00  0.300926E+03
  0.523337E+01  0.287353E+03  0.266186E+03  0.145002E+03  0.000000E+00  0.000000E+00  0.283743E+03
  0.541076E+01  0.270929E+03  0.250972E+03  0.136713E+03  0.000000E+00  0.000000E+00  0.267526E+03
  0.559415E+01  0.255430E+03  0.236613E+03  0.128892E+03  0.000000E+00  0.000000E+00  0.252221E+03
  0.578377E+01  0.240805E+03  0.223065E+03  0.121511E+03  0.000000E+00  0.000000E+00  0.237779E+03
  0.597981E+01  0.227005E+03  0.210281E+03  0.114547E+03  0.000000E+00  0.000000E+00  0.224152E+03
  0.618250E+01  0.213984E+03  0.198218E+03  0.107976E+03  0.000000E+00  0.000000E+00  0.211295E+03
  0.639205E+01  0.201699E+03  0.186838E+03  0.101777E+03  0.000000E+00  0.000000E+00  0.199165E+03
  0.660871E+01  0.190110E+03  0.176102E+03  0.959285E+02  0.000000E+00  0.000000E+00  0.187721E+03
  0.683271E+01  0.179178E+03  0.165974E+03  0.904119E+02  0.000000E+00  0.000000E+00  0.176926E+03
  0.706431E+01  0.168866E+03  0.156421E+03  0.852079E+02  0.000000E+00  0.000000E+00  0.166744E+03
  0.730376E+01  0.159139E+03  0.147410E+03  0.802991E+02  0.000000E+00  0.000000E+00  0.157139E+03
  0.755132E+01  0.149965E+03  0.138911E+03  0.756695E+02  0.000000E+00  0.000000E+00  0.148080E+03
  0.780728E+01  0.141313E+03  0.130896E+03  0.713034E+02  0.000000E+00  0.000000E+00  0.139536E+03
  0.807190E+01  0.133154E+03  0.123338E+03  0.671860E+02  0.000000E+00  0.000000E+00  0.131480E+03
  0.834550E+01  0.125460E+03  0.116210E+03  0.633030E+02  0.000000E+00  0.000000E+00  0.123882E+03
  0.862837E+01  0.118205E+03  0.109488E+03  0.596417E+02  0.000000E+00  0.000000E+00  0.116718E+03
  0.892083E+01  0.111364E+03  0.103151E+03  0.561896E+02  0.000000E+00  0.000000E+00  0.109963E+03
  0.922320E+01  0.104915E+03  0.971763E+02  0.529348E+02  0.000000E+00  0.000000E+00  0.103595E+03
  0.953583E+01  0.988336E+02  0.915428E+02  0.498661E+02  0.000000E+00  0.000000E+00  0.975902E+02
  0.985904E+01  0.931012E+02  0.862323E+02  0.469732E+02  0.000000E+00  0.000000E+00  0.919298E+02
  0.101932E+02  0.876975E+02  0.812262E+02  0.442462E+02  0.000000E+00  0.000000E+00  0.865939E+02
  0.105387E+02  0.826038E+02  0.765072E+02  0.416756E+02  0.000000E+00  0.000000E+00  0.815640E+02
  0.108959E+02  0.778022E+02  0.720589E+02  0.392524E+02  0.000000E+00  0.000000E+00  0.768227E+02
  0.112652E+02  0.732770E+02  0.678667E+02  0.369687E+02  0.000000E+00  0.000000E+00  0.723543E+02
  0.116471E+02  0.690119E+02  0.639153E+02  0.348163E+02  0.000000E+00  0.000000E+00  0.681427E+02
  0.120419E+02  0.649919E+02  0.601911E+02  0.327876E+02  0.000000E+00  0.000000E+00  0.641731E+02
  0.124500E+02  0.612040E+02  0.566818E+02  0.308759E+02  0.000000E+00  0.000000E+00  0.604327E+02
  0.128720E+02  0.576344E+02  0.533748E+02  0.290745E+02  0.000000E+00  0.000000E+00  0.569079E+02
  0.133083E+02  0.542707E+02  0.502585E+02  0.273769E+02  0.000000E+00  0.000000E+00  0.535864E+02
  0.137594E+02  0.511013E+02  0.473222E+02  0.257774E+02  0.000000E+00  0.000000E+00  0.504568E+02
  0.142258E+02  0.481152E+02  0.445558E+02  0.242704E+02  0.000000E+00  0.000000E+00  0.475081E+02
  0.147080E+02  0.453016E+02  0.419491E+02  0.228505E+02  0.000000E+00  0.000000E+00  0.447298E+02
  0.152065E+02  0.426510E+02  0.394934E+02  0.215128E+02  0.000000E+00  0.000000E+00  0.421125E+02
  0.157219E+02  0.401539E+02  0.371800E+02  0.202526E+02  0.000000E+00  0.000000E+00  0.396467E+02
  0.162548E+02  0.378015E+02  0.350006E+02  0.190654E+02  0.000000E+00  0.000000E+00  0.373238E+02
  0.168058E+02  0.355856E+02  0.329477E+02  0.179471E+02  0.000000E+00  0.000000E+00  0.351358E+02
  0.173754E+02  0.334984E+02  0.310139E+02  0.168937E+02  0.000000E+00  0.000000E+00  0.330747E+02
  0.179643E+02  0.315324E+02  0.291924E+02  0.159015E+02  0.000000E+00  0.000000E+00  0.311333E+02
  0.185732E+02  0.296807E+02  0.274769E+02  0.149670E+02  0.000000E+00  0.000000E+00  0.293049E+02
  0.192028E+02  0.279367E+02  0.258611E+02  0.140868E+02  0.000000E+00  0.000000E+00  0.275827E+02
  0.198537E+02  0.262943E+02  0.243394E+02  0.132579E+02  0.000000E+00  0.000000E+00  0.259609E+02
  0.205266E+02  0.247475E+02  0.229064E+02  0.124773E+02  0.000000E+00  0.000000E+00  0.244335E+02
  0.212224E+02  0.232909E+02  0.215568E+02  0.117421E+02  0.000000E+00  0.000000E+00  0.229951E+02
  0.219417E+02  0.219193E+02  0.202860E+02  0.110499E+02  0.000000E+00  0.000000E+00  0.216407E+02
  0.226854E+02  0.206277E+02  0.190893E+02  0.103980E+02  0.000000E+00  0.000000E+00  0.203653E+02
  0.234543E+02  0.194116E+02  0.179626E+02  0.978421E+01  0.000000E+00  0.000000E+00  0.191645E+02
  0.242493E+02  0.182664E+02  0.169016E+02  0.920624E+01  0.000000E+00  0.000000E+00  0.180337E+02
  0.250713E+02  0.171884E+02  0.159027E+02  0.866213E+01  0.000000E+00  0.000000E+00  0.169691E+02
  0.259211E+02  0.161734E+02  0.149623E+02  0.814983E+01  0.000000E+00  0.000000E+00  0.159668E+02
  0.267996E+02  0.152178E+02  0.140769E+02  0.766755E+01  0.000000E+00  0.000000E+00  0.150232E+02
  0.277080E+02  0.143182E+02  0.132434E+02  0.721349E+01  0.000000E+00  0.000000E+00  0.141349E+02
  0.286472E+02  0.134714E+02  0.124587E+02  0.678607E+01  0.000000E+00  0.000000E+00  0.132987E+02
  0.296182E+02  0.126742E+02  0.117201E+02  0.638371E+01  0.000000E+00  0.000000E+00  0.125115E+02
  0.306221E+02  0.119238E+02  0.110248E+02  0.600497E+01  0.000000E+00  0.000000E+00  0.117705E+02
  0.316600E+02  0.112175E+02  0.103703E+02  0.564845E+01  0.000000E+00  0.000000E+00  0.110730E+02
  0.327332E+02  0.105527E+02  0.975432E+01  0.531289E+01  0.000000E+00  0.000000E+00  0.104166E+02
  0.338427E+02  0.992700E+01  0.917452E+01  0.499705E+01  0.000000E+00  0.000000E+00  0.979867E+01
  0.349898E+02  0.933810E+01  0.862882E+01  0.469979E+01  0.000000E+00  0.000000E+00  0.921713E+01
  0.361757E+02  0.878385E+01  0.811524E+01  0.442002E+01  0.000000E+00  0.000000E+00  0.866983E+01
  0.374019E+02  0.826225E+01  0.763189E+01  0.415673E+01  0.000000E+00  0.000000E+00  0.815475E+01
  0.386697E+02  0.777139E+01  0.717703E+01  0.390894E+01  0.000000E+00  0.000000E+00  0.767003E+01
  0.399804E+02  0.730946E+01  0.674896E+01  0.367576E+01  0.000000E+00  0.000000E+00  0.721387E+01
  0.413355E+02  0.687479E+01  0.634615E+01  0.345634E+01  0.000000E+00  0.000000E+00  0.678463E+01
  0.427366E+02  0.646576E+01  0.596710E+01  0.324985E+01  0.000000E+00  0.000000E+00  0.638072E+01
  0.441851E+02  0.608089E+01  0.561043E+01  0.305556E+01  0.000000E+00  0.000000E+00  0.600066E+01
  0.456828E+02  0.571875E+01  0.527481E+01  0.287274E+01  0.000000E+00  0.000000E+00  0.564304E+01
  0.472312E+02  0.537804E+01  0.495904E+01  0.270073E+01  0.000000E+00  0.000000E+00  0.530658E+01
  0.488322E+02  0.505743E+01  0.466191E+01  0.253887E+01  0.000000E+00  0.000000E+00  0.498998E+01
  0.504873E+02  0.475583E+01  0.438238E+01  0.238660E+01  0.000000E+00  0.000000E+00  0.469214E+01
  0.521986E+02  0.447207E+01  0.411938E+01  0.224334E+01  0.000000E+00  0.000000E+00  0.441192E+01
  0.539679E+02  0.420512E+01  0.387195E+01  0.210855E+01  0.000000E+00  0.000000E+00  0.414830E+01
  0.557971E+02  0.395399E+01  0.363918E+01  0.198175E+01  0.000000E+00  0.000000E+00  0.390030E+01
  0.576884E+02  0.371774E+01  0.342020E+01  0.186246E+01  0.000000E+00  0.000000E+00  0.366700E+01
  0.596437E+02  0.349551E+01  0.321421E+01  0.175025E+01  0.000000E+00  0.000000E+00  0.344754E+01
  0.616654E+02  0.328646E+01  0.302043E+01  0.164469E+01  0.000000E+00  0.000000E+00  0.324109E+01
  0.637555E+02  0.308983E+01  0.283815E+01  0.154540E+01  0.000000E+00  0.000000E+00  0.304691E+01
  0.659165E+02  0.290487E+01  0.266668E+01  0.145199E+01  0.000000E+00  0.000000E+00  0.286425E+01
  0.681507E+02  0.273091E+01  0.250541E+01  0.136414E+01  0.000000E+00  0.000000E+00  0.269245E+01
  0.704608E+02  0.256728E+01  0.235371E+01  0.128150E+01  0.000000E+00  0.000000E+00  0.253085E+01
  0.728490E+02  0.241338E+01  0.221103E+01  0.120378E+01  0.000000E+00  0.000000E+00  0.237887E+01
  0.753183E+02  0.226864E+01  0.207683E+01  0.113067E+01  0.000000E+00  0.000000E+00  0.223593E+01
  0.778711E+02  0.213252E+01  0.195062E+01  0.106192E+01  0.000000E+00  0.000000E+00  0.210150E+01
  0.805106E+02  0.200450E+01  0.183191E+01  0.997256E+00  0.000000E+00  0.000000E+00  0.197506E+01
  0.832395E+02  0.188411E+01  0.172028E+01  0.936444E+00  0.000000E+00  0.000000E+00  0.185617E+01
  0.860609E+02  0.177089E+01  0.161529E+01  0.879251E+00  0.000000E+00  0.000000E+00  0.174435E+01
  0.889779E+02  0.166443E+01  0.151655E+01  0.825468E+00  0.000000E+00  0.000000E+00  0.163921E+01
  0.919940E+02  0.156430E+01  0.142370E+01  0.774887E+00  0.000000E+00  0.000000E+00  0.154032E+01
  0.951121E+02  0.147016E+01  0.133639E+01  0.727324E+00  0.000000E+00  0.000000E+00  0.144735E+01
  0.983359E+02  0.138164E+01  0.125429E+01  0.682599E+00  0.000000E+00  0.000000E+00  0.135992E+01
  0.101669E+03  0.129840E+01  0.117708E+01  0.640544E+00  0.000000E+00  0.000000E+00  0.127771E+01
  0.105115E+03  0.122013E+01  0.110449E+01  0.600997E+00  0.000000E+00  0.000000E+00  0.120041E+01
  0.108678E+03  0.114655E+01  0.103623E+01  0.563814E+00  0.000000E+00  0.000000E+00  0.112773E+01
  0.112362E+03  0.107736E+01  0.972049E+00  0.528854E+00  0.000000E+00  0.000000E+00  0.105940E+01
  0.116170E+03  0.101231E+01  0.911706E+00  0.495983E+00  0.000000E+00  0.000000E+00  0.995156E+00
  0.120108E+03  0.951154E+00  0.854969E+00  0.465077E+00  0.000000E+00  0.000000E+00  0.934750E+00
  0.124179E+03  0.893659E+00  0.801631E+00  0.436022E+00  0.000000E+00  0.000000E+00  0.877964E+00
  0.128388E+03  0.839606E+00  0.751486E+00  0.408706E+00  0.000000E+00  0.000000E+00  0.824578E+00
  0.132739E+03  0.788792E+00  0.704345E+00  0.383027E+00  0.000000E+00  0.000000E+00  0.774390E+00
  0.137239E+03  0.741019E+00  0.660025E+00  0.358886E+00  0.000000E+00  0.000000E+00  0.727206E+00
  0.141891E+03  0.696113E+00  0.618366E+00  0.336194E+00  0.000000E+00  0.000000E+00  0.682854E+00
  0.146700E+03  0.653900E+00  0.579207E+00  0.314864E+00  0.000000E+00  0.000000E+00  0.641161E+00
  0.151672E+03  0.614216E+00  0.542396E+00  0.294813E+00  0.000000E+00  0.000000E+00  0.601968E+00
  0.156813E+03  0.576917E+00  0.507799E+00  0.275969E+00  0.000000E+00  0.000000E+00  0.565129E+00
  0.162128E+03  0.541857E+00  0.475283E+00  0.258258E+00  0.000000E+00  0.000000E+00  0.530503E+00
  0.167624E+03  0.508902E+00  0.444723E+00  0.241614E+00  0.000000E+00  0.000000E+00  0.497957E+00
  0.173306E+03  0.477926E+00  0.416003E+00  0.225972E+00  0.000000E+00  0.000000E+00  0.467365E+00
  0.179180E+03  0.448813E+00  0.389016E+00  0.211274E+00  0.000000E+00  0.000000E+00  0.438615E+00
  0.185253E+03  0.421451E+00  0.363658E+00  0.197464E+00  0.000000E+00  0.000000E+00  0.411595E+00
  0.191532E+03  0.395734E+00  0.339833E+00  0.184489E+00  0.000000E+00  0.000000E+00  0.386200E+00
  0.198024E+03  0.371563E+00  0.317448E+00  0.172300E+00  0.000000E+00  0.000000E+00  0.362334E+00
  0.204736E+03  0.348849E+00  0.296422E+00  0.160851E+00  0.000000E+00  0.000000E+00  0.339908E+00
  0.211676E+03  0.327504E+00  0.276672E+00  0.150098E+00  0.000000E+00  0.000000E+00  0.318835E+00
  0.218850E+03  0.307444E+00  0.258124E+00  0.140000E+00  0.000000E+00  0.000000E+00  0.299033E+00
  0.226269E+03  0.288592E+00  0.240706E+00  0.130518E+00  0.000000E+00  0.000000E+00  0.280426E+00
  0.233938E+03  0.270879E+00  0.224353E+00  0.121616E+00  0.000000E+00  0.000000E+00  0.262944E+00
  0.241867E+03  0.254235E+00  0.209002E+00  0.113262E+00  0.000000E+00  0.000000E+00  0.246521E+00
  0.250066E+03  0.238594E+00  0.194592E+00  0.105420E+00  0.000000E+00  0.000000E+00  0.231090E+00
  0.258541E+03  0.223899E+00  0.181072E+00  0.980642E-01  0.000000E+00  0.000000E+00  0.216595E+00
  0.267305E+03  0.210093E+00  0.168389E+00  0.911642E-01  0.000000E+00  0.000000E+00  0.202980E+00
  0.276365E+03  0.197121E+00  0.156493E+00  0.846941E-01  0.000000E+00  0.000000E+00  0.190192E+00
  0.285733E+03  0.184934E+00  0.145339E+00  0.786287E-01  0.000000E+00  0.000000E+00  0.178181E+00
  0.295417E+03  0.173485E+00  0.134884E+00  0.729451E-01  0.000000E+00  0.000000E+00  0.166902E+00
  0.305430E+03  0.162730E+00  0.125088E+00  0.676212E-01  0.000000E+00  0.000000E+00  0.156311E+00
  0.315783E+03  0.152628E+00  0.115914E+00  0.626365E-01  0.000000E+00  0.000000E+00  0.146367E+00
  0.326487E+03  0.143139E+00  0.107325E+00  0.579713E-01  0.000000E+00  0.000000E+00  0.137031E+00
  0.337553E+03  0.134226E+00  0.992880E-01  0.536079E-01  0.000000E+00  0.000000E+00  0.128268E+00
  0.348994E+03  0.125856E+00  0.917722E-01  0.495290E-01  0.000000E+00  0.000000E+00  0.120043E+00
  0.360823E+03  0.117996E+00  0.847478E-01  0.457186E-01  0.000000E+00  0.000000E+00  0.112326E+00
  0.373054E+03  0.110614E+00  0.781864E-01  0.421613E-01  0.000000E+00  0.000000E+00  0.105084E+00
  0.385698E+03  0.103683E+00  0.720627E-01  0.388432E-01  0.000000E+00  0.000000E+00  0.982906E-01
  0.398771E+03  0.971763E-01  0.663520E-01  0.357508E-01  0.000000E+00  0.000000E+00  0.919194E-01
  0.412288E+03  0.910675E-01  0.610308E-01  0.328713E-01  0.000000E+00  0.000000E+00  0.859450E-01
  0.426263E+03  0.853336E-01  0.560775E-01  0.301930E-01  0.000000E+00  0.000000E+00  0.803442E-01
  0.440711E+03  0.799519E-01  0.514714E-01  0.277044E-01  0.000000E+00  0.000000E+00  0.750947E-01
  0.455648E+03  0.749015E-01  0.471928E-01  0.253949E-01  0.000000E+00  0.000000E+00  0.701760E-01
  0.471093E+03  0.701621E-01  0.432228E-01  0.232540E-01  0.000000E+00  0.000000E+00  0.655678E-01
  0.487061E+03  0.657160E-01  0.395444E-01  0.212725E-01  0.000000E+00  0.000000E+00  0.612526E-01
  0.503570E+03  0.615453E-01  0.361407E-01  0.194409E-01  0.000000E+00  0.000000E+00  0.572128E-01
  0.520638E+03  0.576335E-01  0.329955E-01  0.177504E-01  0.000000E+00  0.000000E+00  0.534317E-01
  0.538286E+03  0.539651E-01  0.300934E-01  0.161926E-01  0.000000E+00  0.000000E+00  0.498939E-01
  0.556531E+03  0.505257E-01  0.274202E-01  0.147593E-01  0.000000E+00  0.000000E+00  0.465852E-01
  0.575394E+03  0.473016E-01  0.249616E-01  0.134429E-01  0.000000E+00  0.000000E+00  0.434917E-01
  0.594897E+03  0.442799E-01  0.227040E-01  0.122358E-01  0.000000E+00  0.000000E+00  0.406003E-01
  0.615062E+03  0.414483E-01  0.206345E-01  0.111306E-01  0.000000E+00  0.000000E+00  0.378986E-01
  0.635909E+03  0.387956E-01  0.187405E-01  0.101205E-01  0.000000E+00  0.000000E+00  0.353753E-01
  0.657463E+03  0.363108E-01  0.170099E-01  0.919852E-02  0.000000E+00  0.000000E+00  0.330192E-01
  0.679749E+03  0.339838E-01  0.154308E-01  0.835823E-02  0.000000E+00  0.000000E+00  0.308197E-01
  0.702789E+03  0.318051E-01  0.139922E-01  0.759330E-02  0.000000E+00  0.000000E+00  0.287672E-01
  0.726609E+03  0.297656E-01  0.126831E-01  0.689763E-02  0.000000E+00  0.000000E+00  0.268523E-01
  0.751237E+03  0.278568E-01  0.114929E-01  0.626535E-02  0.000000E+00  0.000000E+00  0.250661E-01
  0.776702E+03  0.260704E-01  0.104117E-01  0.569085E-02  0.000000E+00  0.000000E+00  0.233999E-01
  0.803028E+03  0.243992E-01  0.943001E-02  0.516892E-02  0.000000E+00  0.000000E+00  0.218463E-01
  0.830246E+03  0.228357E-01  0.853884E-02  0.469454E-02  0.000000E+00  0.000000E+00  0.203975E-01
  0.858387E+03  0.213733E-01  0.772974E-02  0.426307E-02  0.000000E+00  0.000000E+00  0.190465E-01
  0.887483E+03  0.200054E-01  0.699485E-02  0.387020E-02  0.000000E+00  0.000000E+00  0.177865E-01
  0.917564E+03  0.187261E-01  0.632703E-02  0.351208E-02  0.000000E+00  0.000000E+00  0.166116E-01
  0.948665E+03  0.175298E-01  0.571971E-02  0.318521E-02  0.000000E+00  0.000000E+00  0.155157E-01
  0.980819E+03  0.164109E-01  0.516702E-02  0.288649E-02  0.000000E+00  0.000000E+00  0.144934E-01
  0.101407E+04  0.153645E-01  0.466377E-02  0.261322E-02  0.000000E+00  0.000000E+00  0.135396E-01
  0.104844E+04  0.143859E-01  0.420544E-02  0.236315E-02  0.000000E+00  0.000000E+00  0.126497E-01
  0.108397E+04  0.134706E-01  0.378811E-02  0.213432E-02  0.000000E+00  0.000000E+00  0.118193E-01
  0.112072E+04  0.126144E-01  0.340835E-02  0.192508E-02  0.000000E+00  0.000000E+00  0.110444E-01
  0.115870E+04  0.118135E-01  0.306329E-02  0.173411E-02  0.000000E+00  0.000000E+00  0.103212E-01
  0.119798E+04  0.110642E-01  0.275036E-02  0.156019E-02  0.000000E+00  0.000000E+00  0.964632E-02
  0.123858E+04  0.103631E-01  0.246726E-02  0.140229E-02  0.000000E+00  0.000000E+00  0.901656E-02
  0.128056E+04  0.970711E-02  0.221184E-02  0.125939E-02  0.000000E+00  0.000000E+00  0.842885E-02
  0.132397E+04  0.909328E-02  0.198205E-02  0.113051E-02  0.000000E+00  0.000000E+00  0.788051E-02
  0.136884E+04  0.851882E-02  0.177582E-02  0.101459E-02  0.000000E+00  0.000000E+00  0.736885E-02
  0.141524E+04  0.798122E-02  0.159107E-02  0.910556E-03  0.000000E+00  0.000000E+00  0.689143E-02
  0.146321E+04  0.747803E-02  0.142565E-02  0.817250E-03  0.000000E+00  0.000000E+00  0.644584E-02
  0.151281E+04  0.700710E-02  0.127750E-02  0.733525E-03  0.000000E+00  0.000000E+00  0.602996E-02
  0.156408E+04  0.656628E-02  0.114457E-02  0.658244E-03  0.000000E+00  0.000000E+00  0.564165E-02
  0.161710E+04  0.615364E-02  0.102503E-02  0.590372E-03  0.000000E+00  0.000000E+00  0.527900E-02
  0.167191E+04  0.576734E-02  0.917259E-03  0.529005E-03  0.000000E+00  0.000000E+00  0.494019E-02
  0.172858E+04  0.540565E-02  0.819930E-03  0.473422E-03  0.000000E+00  0.000000E+00  0.462359E-02
  0.178717E+04  0.506699E-02  0.732017E-03  0.423075E-03  0.000000E+00  0.000000E+00  0.432770E-02
  0.184775E+04  0.474981E-02  0.652739E-03  0.377570E-03  0.000000E+00  0.000000E+00  0.405109E-02
  0.191038E+04  0.445275E-02  0.581504E-03  0.336616E-03  0.000000E+00  0.000000E+00  0.379254E-02
  0.197513E+04  0.417449E-02  0.517779E-03  0.299950E-03  0.000000E+00  0.000000E+00  0.355086E-02
  0.204207E+04  0.391380E-02  0.461007E-03  0.267280E-03  0.000000E+00  0.000000E+00  0.332496E-02
  0.211129E+04  0.366955E-02  0.410548E-03  0.238245E-03  0.000000E+00  0.000000E+00  0.311376E-02
  0.218286E+04  0.344072E-02  0.365691E-03  0.212432E-03  0.000000E+00  0.000000E+00  0.291630E-02
  0.225684E+04  0.322629E-02  0.325690E-03  0.189397E-03  0.000000E+00  0.000000E+00  0.273162E-02
  0.233334E+04  0.302536E-02  0.289870E-03  0.168738E-03  0.000000E+00  0.000000E+00  0.255884E-02
  0.241243E+04  0.283705E-02  0.257692E-03  0.150143E-03  0.000000E+00  0.000000E+00  0.239716E-02
  0.249420E+04  0.266056E-02  0.228793E-03  0.133409E-03  0.000000E+00  0.000000E+00  0.224584E-02
  0.257874E+04  0.249515E-02  0.202941E-03  0.118419E-03  0.000000E+00  0.000000E+00  0.210423E-02
  0.266614E+04  0.234009E-02  0.179950E-03  0.105080E-03  0.000000E+00  0.000000E+00  0.197169E-02
  0.275652E+04  0.219472E-02  0.159600E-03  0.932723E-04  0.000000E+00  0.000000E+00  0.184764E-02
  0.284995E+04  0.205845E-02  0.141598E-03  0.828251E-04  0.000000E+00  0.000000E+00  0.173154E-02
  0.294654E+04  0.193069E-02  0.125606E-03  0.735361E-04  0.000000E+00  0.000000E+00  0.162284E-02
  0.304642E+04  0.181089E-02  0.111326E-03  0.652263E-04  0.000000E+00  0.000000E+00  0.152104E-02
  0.314968E+04  0.169858E-02  0.985560E-04  0.577806E-04  0.000000E+00  0.000000E+00  0.142571E-02
  0.325644E+04  0.159327E-02  0.871818E-04  0.511401E-04  0.000000E+00  0.000000E+00  0.133642E-02
  0.336681E+04  0.149452E-02  0.771182E-04  0.452623E-04  0.000000E+00  0.000000E+00  0.125279E-02
  0.348094E+04  0.140190E-02  0.682406E-04  0.400771E-04  0.000000E+00  0.000000E+00  0.117446E-02
  0.359892E+04  0.131506E-02  0.603830E-04  0.354846E-04  0.000000E+00  0.000000E+00  0.110108E-02
  0.372090E+04  0.123361E-02  0.533868E-04  0.313897E-04  0.000000E+00  0.000000E+00  0.103233E-02
  0.384702E+04  0.115722E-02  0.471541E-04  0.277364E-04  0.000000E+00  0.000000E+00  0.967906E-03
  0.397742E+04  0.108557E-02  0.416352E-04  0.244998E-04  0.000000E+00  0.000000E+00  0.907536E-03
  0.411224E+04  0.101838E-02  0.367750E-04  0.216499E-04  0.000000E+00  0.000000E+00  0.850971E-03
  0.425162E+04  0.955349E-03  0.324842E-04  0.191330E-04  0.000000E+00  0.000000E+00  0.797961E-03
  0.439573E+04  0.896232E-03  0.286728E-04  0.168949E-04  0.000000E+00  0.000000E+00  0.748276E-03
  0.454473E+04  0.840777E-03  0.252884E-04  0.149054E-04  0.000000E+00  0.000000E+00  0.701701E-03
  0.469877E+04  0.788762E-03  0.223033E-04  0.131504E-04  0.000000E+00  0.000000E+00  0.658048E-03
  0.485803E+04  0.739970E-03  0.196752E-04  0.116053E-04  0.000000E+00  0.000000E+00  0.617129E-03
  0.502270E+04  0.694198E-03  0.173491E-04  0.102368E-04  0.000000E+00  0.000000E+00  0.578766E-03
  0.519294E+04  0.651263E-03  0.152886E-04  0.902348E-05  0.000000E+00  0.000000E+00  0.542802E-03
  0.536896E+04  0.610985E-03  0.134728E-04  0.795414E-05  0.000000E+00  0.000000E+00  0.509084E-03
  0.555093E+04  0.573200E-03  0.118731E-04  0.701184E-05  0.000000E+00  0.000000E+00  0.477470E-03
  0.573909E+04  0.537752E-03  0.104576E-04  0.617740E-05  0.000000E+00  0.000000E+00  0.447826E-03
  0.593362E+04  0.504498E-03  0.920856E-05  0.544083E-05  0.000000E+00  0.000000E+00  0.420030E-03
  0.613473E+04  0.473300E-03  0.811004E-05  0.479302E-05  0.000000E+00  0.000000E+00  0.393965E-03
  0.634267E+04  0.444033E-03  0.714012E-05  0.422074E-05  0.000000E+00  0.000000E+00  0.369524E-03
  0.655766E+04  0.416574E-03  0.628382E-05  0.371525E-05  0.000000E+00  0.000000E+00  0.346602E-03
  0.677993E+04  0.390815E-03  0.553070E-05  0.327065E-05  0.000000E+00  0.000000E+00  0.325108E-03
  0.700974E+04  0.366648E-03  0.486675E-05  0.287856E-05  0.000000E+00  0.000000E+00  0.304949E-03
  0.724733E+04  0.343975E-03  0.428170E-05  0.253295E-05  0.000000E+00  0.000000E+00  0.286043E-03
  0.749299E+04  0.322703E-03  0.376668E-05  0.222866E-05  0.000000E+00  0.000000E+00  0.268310E-03
  0.774696E+04  0.302746E-03  0.331274E-05  0.196035E-05  0.000000E+00  0.000000E+00  0.251680E-03
  0.800954E+04  0.284024E-03  0.291358E-05  0.172442E-05  0.000000E+00  0.000000E+00  0.236082E-03
  0.828104E+04  0.266457E-03  0.256205E-05  0.151657E-05  0.000000E+00  0.000000E+00  0.221452E-03
  0.856172E+04  0.249977E-03  0.225252E-05  0.133351E-05  0.000000E+00  0.000000E+00  0.207729E-03
  0.885191E+04  0.234515E-03  0.198034E-05  0.117253E-05  0.000000E+00  0.000000E+00  0.194858E-03
  0.915194E+04  0.220010E-03  0.174085E-05  0.103085E-05  0.000000E+00  0.000000E+00  0.182785E-03
  0.946216E+04  0.206399E-03  0.153009E-05  0.906146E-06  0.000000E+00  0.000000E+00  0.171460E-03
  0.978288E+04  0.193631E-03  0.134474E-05  0.796458E-06  0.000000E+00  0.000000E+00  0.160838E-03
  0.101145E+05  0.181652E-03  0.118183E-05  0.700037E-06  0.000000E+00  0.000000E+00  0.150874E-03
