          64      16
      1.00000      1.12503      1.25005      1.37508      1.50011      1.62514
      1.75016      1.87519      2.00022      2.12525      2.25027      2.37530
      2.50033      2.62535      2.75038      2.87541      3.00043      3.12545
      3.25049      3.37552      3.50054      3.62557      3.75060      3.87562
      4.00065      4.12568      4.25071      4.37574      4.50076      4.62579
      4.75082      4.87584      5.00087      5.12590      5.25093      5.37596
      5.50098      5.62600      5.75103      5.87606      6.00108      6.12610
      6.25115      6.37618      6.50120      6.62622      6.75125      6.87628
      7.00130      7.12633      7.25135      7.37638      7.50142      7.62644
      7.75146      7.87649      8.00152      8.12655      8.25156      8.37660
      8.50163      8.62666      8.75168      8.87671
     -4.00000     -3.71326     -3.42653     -3.13979     -2.85306     -2.56632
     -2.27959     -1.99285     -1.70612     -1.41938     -1.13265    -0.845911
    -0.559176    -0.272440    0.0142946     0.301030
     -31.1250     -30.9893     -30.8497     -30.7041     -30.5531     -30.4009
     -30.2525     -30.1093     -29.9700     -29.8328     -29.6986     -29.5685
     -29.4439     -29.3218     -29.2013     -29.0803     -28.9434     -28.7979
     -28.6502     -28.4973     -28.3387     -28.1751     -27.9954     -27.0410
     -25.3325     -23.0413     -21.8868     -22.0748     -22.2954     -22.5125
     -22.4575     -22.0350     -22.0833     -22.3443     -22.5837     -22.7777
     -22.9316     -23.0475     -23.1224     -23.1805     -23.2129     -23.2193
     -23.2108     -23.1922     -23.1667     -23.1266     -23.0834     -23.0389
     -22.9940     -22.9383     -22.8832     -22.8293     -22.7769     -22.7154
     -22.6555     -22.5975     -22.5415     -22.4773     -22.4148     -22.3542
     -22.2954     -22.2283     -22.1619     -22.0959
     -31.1063     -30.9619     -30.8110     -30.6502     -30.4819     -30.3135
     -30.1525     -30.0002     -29.8546     -29.7130     -29.5765     -29.4464
     -29.3250     -29.2094     -29.0977     -28.9871     -28.8637     -28.7318
     -28.5962     -28.4536     -28.3040     -28.1475     -27.9735     -27.0377
     -25.3324     -23.0413     -21.8868     -22.0748     -22.2953     -22.5123
     -22.4572     -22.0348     -22.0830     -22.3438     -22.5827     -22.7759
     -22.9302     -23.0465     -23.1213     -23.1795     -23.2117     -23.2182
     -23.2101     -23.1918     -23.1665     -23.1265     -23.0834     -23.0388
     -22.9940     -22.9382     -22.8832     -22.8292     -22.7769     -22.7153
     -22.6555     -22.5974     -22.5415     -22.4773     -22.4148     -22.3542
     -22.2954     -22.2283     -22.1619     -22.0959
     -31.0724     -30.9132     -30.7446     -30.5618     -30.3703     -30.1823
     -30.0069     -29.8450     -29.6927     -29.5468     -29.4078     -29.2778
     -29.1597     -29.0507     -28.9483     -28.8492     -28.7416     -28.6270
     -28.5077     -28.3799     -28.2433     -28.0983     -27.9340     -27.0315
     -25.3323     -23.0413     -21.8868     -22.0747     -22.2952     -22.5119
     -22.4566     -22.0345     -22.0825     -22.3427     -22.5806     -22.7724
     -22.9275     -23.0445     -23.1192     -23.1775     -23.2095     -23.2162
     -23.2087     -23.1911     -23.1661     -23.1262     -23.0832     -23.0387
     -22.9938     -22.9382     -22.8831     -22.8292     -22.7768     -22.7153
     -22.6554     -22.5974     -22.5415     -22.4773     -22.4148     -22.3542
     -22.2954     -22.2282     -22.1619     -22.0959
     -31.0134     -30.8323     -30.6393     -30.4294     -30.2124     -30.0048
     -29.8163     -29.6459     -29.4880     -29.3385     -29.1976     -29.0676
     -28.9522     -28.8486     -28.7543     -28.6655     -28.5732     -28.4763
     -28.3752     -28.2652     -28.1457     -28.0166     -27.8664     -27.0195
     -25.3318     -23.0412     -21.8867     -22.0746     -22.2950     -22.5112
     -22.4555     -22.0338     -22.0814     -22.3407     -22.5767     -22.7658
     -22.9222     -23.0406     -23.1151     -23.1736     -23.2053     -23.2124
     -23.2060     -23.1897     -23.1653     -23.1258     -23.0829     -23.0385
     -22.9937     -22.9380     -22.8830     -22.8292     -22.7768     -22.7153
     -22.6554     -22.5974     -22.5414     -22.4773     -22.4148     -22.3542
     -22.2953     -22.2282     -22.1619     -22.0959
     -30.9179     -30.7087     -30.4880     -30.2508     -30.0110     -29.7876
     -29.5890     -29.4125     -29.2507     -29.0987     -28.9564     -28.8264
     -28.7129     -28.6131     -28.5246     -28.4436     -28.3632     -28.2812
     -28.1968     -28.1043     -28.0029     -27.8921     -27.7595     -26.9970
     -25.3307     -23.0411     -21.8867     -22.0745     -22.2945     -22.5097
     -22.4533     -22.0324     -22.0793     -22.3368     -22.5692     -22.7533
     -22.9122     -23.0332     -23.1074     -23.1662     -23.1972     -23.2051
     -23.2010     -23.1870     -23.1637     -23.1249     -23.0823     -23.0380
     -22.9932     -22.9377     -22.8828     -22.8290     -22.7767     -22.7152
     -22.6553     -22.5973     -22.5414     -22.4772     -22.4147     -22.3541
     -22.2953     -22.2282     -22.1618     -22.0959
     -30.7774     -30.5385     -30.2922     -30.0325     -29.7759     -29.5416
     -29.3366     -29.1562     -28.9919     -28.8383     -28.6952     -28.5652
     -28.4528     -28.3555     -28.2707     -28.1948     -28.1223     -28.0510
     -27.9791     -27.9007     -27.8150     -27.7214     -27.6064     -26.9564
     -25.3287     -23.0410     -21.8866     -22.0742     -22.2936     -22.5070
     -22.4491     -22.0298     -22.0753     -22.3295     -22.5550     -22.7300
     -22.8935     -23.0192     -23.0929     -23.1523     -23.1819     -23.1913
     -23.1913     -23.1819     -23.1608     -23.1232     -23.0812     -23.0372
     -22.9925     -22.9371     -22.8824     -22.8287     -22.7765     -22.7150
     -22.6552     -22.5972     -22.5413     -22.4771     -22.4147     -22.3541
     -22.2952     -22.2281     -22.1618     -22.0958
     -30.5911     -30.3269     -30.0609     -29.7858     -29.5184     -29.2775
     -29.0686     -28.8860     -28.7203     -28.5658     -28.4223     -28.2923
     -28.1806     -28.0847     -28.0021     -27.9293     -27.8617     -27.7971
     -27.7333     -27.6647     -27.5903     -27.5097     -27.4089     -26.8869
     -25.3249     -23.0408     -21.8864     -22.0737     -22.2919     -22.5018
     -22.4411     -22.0248     -22.0677     -22.3155     -22.5287     -22.6882
     -22.8594     -22.9933     -23.0661     -23.1265     -23.1538     -23.1658
     -23.1732     -23.1721     -23.1551     -23.1199     -23.0790     -23.0355
     -22.9911     -22.9360     -22.8816     -22.8282     -22.7761     -22.7148
     -22.6549     -22.5970     -22.5410     -22.4769     -22.4145     -22.3539
     -22.2951     -22.2280     -22.1617     -22.0957
     -30.3666     -30.0842     -29.8055     -29.5209     -29.2474     -29.0028
     -28.7919     -28.6081     -28.4416     -28.2866     -28.1428     -28.0129
     -27.9016     -27.8065     -27.7253     -27.6543     -27.5897     -27.5291
     -27.4701     -27.4074     -27.3402     -27.2678     -27.1762     -26.7767
     -25.3175     -23.0403     -21.8860     -22.0726     -22.2886     -22.4918
     -22.4260     -22.0154     -22.0534     -22.2898     -22.4821     -22.6173
     -22.8002     -22.9472     -23.0186     -23.0806     -23.1041     -23.1203
     -23.1401     -23.1537     -23.1443     -23.1136     -23.0748     -23.0324
     -22.9882     -22.9337     -22.8801     -22.8273     -22.7754     -22.7142
     -22.6545     -22.5965     -22.5406     -22.4765     -22.4141     -22.3536
     -22.2948     -22.2277     -22.1614     -22.0955
     -30.1149     -29.8212     -29.5350     -29.2453     -28.9686     -28.7223
     -28.5104     -28.3259     -28.1590     -28.0037     -27.8597     -27.7297
     -27.6187     -27.5242     -27.4439     -27.3741     -27.3112     -27.2529
     -27.1967     -27.1374     -27.0743     -27.0065     -26.9195     -26.6188
     -25.3035     -23.0394     -21.8852     -22.0705     -22.2823     -22.4732
     -22.3983     -21.9976     -22.0269     -22.2439     -22.4039     -22.5061
     -22.7045     -22.8698     -22.9391     -23.0035     -23.0216     -23.0438
     -23.0825     -23.1203     -23.1242     -23.1017     -23.0668     -23.0263
     -22.9828     -22.9294     -22.8773     -22.8254     -22.7740     -22.7131
     -22.6535     -22.5957     -22.5397     -22.4757     -22.4134     -22.3530
     -22.2943     -22.2272     -22.1610     -22.0950
     -29.8458     -29.5456     -29.2554     -28.9633     -28.6853     -28.4383
     -28.2261     -28.0414     -27.8741     -27.7185     -27.5742     -27.4441
     -27.3332     -27.2390     -27.1594     -27.0905     -27.0286     -26.9717
     -26.9171     -26.8597     -26.7987     -26.7330     -26.6477     -26.4148
     -25.2772     -23.0376     -21.8838     -22.0666     -22.2703     -22.4392
     -22.3491     -21.9652     -21.9798     -22.1668     -22.2838     -22.3486
     -22.5637     -22.7506     -22.8173     -22.8847     -22.8961     -22.9258
     -22.9889     -23.0621     -23.0878     -23.0795     -23.0518     -23.0148
     -22.9727     -22.9212     -22.8718     -22.8218     -22.7713     -22.7110
     -22.6518     -22.5940     -22.5380     -22.4742     -22.4121     -22.3518
     -22.2932     -22.2263     -22.1601     -22.0942
     -29.5652     -29.2617     -28.9698     -28.6771     -28.3990     -28.1521
     -27.9399     -27.7551     -27.5875     -27.4313     -27.2866     -27.1562
     -27.0451     -26.9511     -26.8719     -26.8036     -26.7424     -26.6863
     -26.6328     -26.5765     -26.5167     -26.4519     -26.3666     -26.1743
     -25.2295     -23.0341     -21.8809     -22.0590     -22.2480     -22.3802
     -22.2674     -21.9085     -21.9010     -22.0480     -22.1171     -22.1475
     -22.3773     -22.5849     -22.6490     -22.7194     -22.7242     -22.7612
     -22.8506     -22.9677     -23.0248     -23.0396     -23.0241     -22.9933
     -22.9535     -22.9057     -22.8613     -22.8148     -22.7662     -22.7069
     -22.6483     -22.5908     -22.5347     -22.4712     -22.4095     -22.3495
     -22.2912     -22.2244     -22.1584     -22.0926
     -29.2771     -28.9718     -28.6795     -28.3874     -28.1102     -27.8640
     -27.6521     -27.4671     -27.2989     -27.1417     -26.9959     -26.8646
     -26.7531     -26.6590     -26.5798     -26.5124     -26.4517     -26.3962
     -26.3434     -26.2880     -26.2291     -26.1647     -26.0786     -25.9075
     -25.1480     -23.0279     -21.8760     -22.0450     -22.2083     -22.2850
     -22.1432     -21.8167     -21.7804     -21.8831     -21.9085     -21.9127
     -22.1533     -22.3771     -22.4387     -22.5115     -22.5110     -22.5539
     -22.6662     -22.8282     -22.9238     -22.9711     -22.9747     -22.9543
     -22.9184     -22.8769     -22.8415     -22.8015     -22.7562     -22.6989
     -22.6415     -22.5844     -22.5282     -22.4654     -22.4043     -22.3450
     -22.2871     -22.2206     -22.1548     -22.0892
     -28.9824     -28.6757     -28.3840     -28.0934     -27.8180     -27.5731
     -27.3618     -27.1765     -27.0076     -26.8489     -26.7014     -26.5687
     -26.4562     -26.3615     -26.2821     -26.2153     -26.1552     -26.1004
     -26.0484     -25.9940     -25.9359     -25.8718     -25.7844     -25.6219
     -25.0180     -23.0149     -21.8653     -22.0183     -22.1392     -22.1441
     -21.9718     -21.6793     -21.6126     -21.6749     -21.6680     -21.6551
     -21.9025     -22.1372     -22.1973     -22.2717     -22.2675     -22.3146
     -22.4434     -22.6429     -22.7772     -22.8631     -22.8928     -22.8876
     -22.8579     -22.8263     -22.8057     -22.7769     -22.7377     -22.6840
     -22.6289     -22.5726     -22.5161     -22.4545     -22.3948     -22.3365
     -22.2795     -22.2137     -22.1483     -22.0831
     -28.6807     -28.3744     -28.0838     -27.7956     -27.5226     -27.2794
     -27.0688     -26.8831     -26.7121     -26.5508     -26.4004     -26.2652
     -26.1509     -26.0560     -25.9754     -25.9102     -25.8503     -25.7964
     -25.7454     -25.6928     -25.6359     -25.5721     -25.4825     -25.3194
     -24.8349     -22.9916     -21.8461     -21.9713     -22.0311     -21.9578
     -21.7595     -21.4964     -21.4031     -21.4352     -21.4071     -21.3840
     -21.6348     -21.8761     -21.9356     -22.0111     -22.0047     -22.0542
     -22.1930     -22.4189     -22.5849     -22.7083     -22.7675     -22.7814
     -22.7585     -22.7420     -22.7431     -22.7323     -22.7032     -22.6559
     -22.6047     -22.5499     -22.4929     -22.4334     -22.3761     -22.3198
     -22.2644     -22.1998     -22.1352     -22.0707
     -28.3735     -28.0671     -27.7781     -27.4929     -27.2232     -26.9822
     -26.7725     -26.5861     -26.4127     -26.2476     -26.0932     -25.9544
     -25.8375     -25.7401     -25.6597     -25.5948     -25.5365     -25.4842
     -25.4346     -25.3830     -25.3275     -25.2640     -25.1710     -25.0012
     -24.5951     -22.9497     -21.8112     -21.8926     -21.8766     -21.7336
     -21.5166     -21.2746     -21.1620     -21.1744     -21.1336     -21.1049
     -21.3575     -21.6025     -21.6615     -21.7371     -21.7294     -21.7803
     -21.9252     -22.1674     -22.3550     -22.5083     -22.5946     -22.6282
     -22.6136     -22.6135     -22.6429     -22.6576     -22.6440     -22.6068
     -22.5621     -22.5098     -22.4516     -22.3957     -22.3424     -22.2898
     -22.2371     -22.1745     -22.1116     -22.0482
     -28.0618     -27.7558     -27.4685     -27.1866     -26.9203     -26.6818
     -26.4731     -26.2859     -26.1097     -25.9402     -25.7807     -25.6374
     -25.5169     -25.4171     -25.3359     -25.2733     -25.2176     -25.1669
     -25.1186     -25.0677     -25.0126     -24.9481     -24.8493     -24.6683
     -24.3069     -22.8784     -21.7505     -21.7715     -21.6779     -21.4827
     -21.2537     -21.0249     -20.8999     -20.9006     -20.8527     -20.8202
     -21.0740     -21.3209     -21.3790     -21.4554     -21.4465     -21.4982
     -21.6461     -21.8972     -22.0989     -22.2718     -22.3786     -22.4287
     -22.4214     -22.4368     -22.4948     -22.5391     -22.5456     -22.5232
     -22.4878     -22.4395     -22.3806     -22.3302     -22.2833     -22.2364
     -22.1882     -22.1291     -22.0687     -22.0074
