0.000976562 1 1 0
0.00292969 1 1 0
0.00488281 1 1 0
0.00683594 1 1 0
0.00878906 1 1 0
0.0107422 1 1 0
0.0126953 1 1 0
0.0146484 1 1 0
0.0166016 1 1 0
0.0185547 1 1 0
0.0205078 1 1 0
0.0224609 1 1 0
0.0244141 1 1 0
0.0263672 1 1 0
0.0283203 1 1 0
0.0302734 1 1 0
0.0322266 1 1 0
0.0341797 1 1 0
0.0361328 1 1 0
0.0380859 1 1 0
0.0400391 1 1 0
0.0419922 1 1 0
0.0439453 1 1 0
0.0458984 1 1 0
0.0478516 1 1 0
0.0498047 1 1 0
0.0517578 1 1 0
0.0537109 1 1 0
0.0556641 1 1 0
0.0576172 1 1 0
0.0595703 1 1 0
0.0615234 1 1 0
0.0634766 1 1 0
0.0654297 1 1 0
0.0673828 1 1 0
0.0693359 1 1 0
0.0712891 1 1 0
0.0732422 1 1 0
0.0751953 1 1 0
0.0771484 1 1 0
0.0791016 1 1 0
0.0810547 1 1 0
0.0830078 1 1 0
0.0849609 1 1 0
0.0869141 1 1 0
0.0888672 1 1 0
0.0908203 1 1 0
0.0927734 1 1 0
0.0947266 1 1 0
0.0966797 1 1 0
0.0986328 1 1 0
0.100586 1 1 0
0.102539 1 1 0
0.104492 1 1 0
0.106445 1 1 0
0.108398 1 1 0
0.110352 1 1 0
0.112305 1 1 0
0.114258 1 1 0
0.116211 1 1 0
0.118164 1 1 0
0.120117 1 1 0
0.12207 1 1 0
0.124023 1 1 0
0.125977 1 1 0
0.12793 1 1 0
0.129883 1 1 0
0.131836 1 1 0
0.133789 1 1 0
0.135742 1 1 0
0.137695 1 1 0
0.139648 1 1 0
0.141602 1 1 0
0.143555 1 1 0
0.145508 1 1 0
0.147461 1 1 0
0.149414 1 1 0
0.151367 1 1 0
0.15332 1 1 0
0.155273 1 1 0
0.157227 1 1 0
0.15918 1 1 0
0.161133 1 1 0
0.163086 1 1 0
0.165039 1 1 0
0.166992 1 1 0
0.168945 1 1 0
0.170898 1 1 0
0.172852 1 1 0
0.174805 1 1 0
0.176758 1 1 0
0.178711 1 1 0
0.180664 1 1 0
0.182617 1 1 0
0.18457 1 1 0
0.186523 1 1 0
0.188477 1 1 0
0.19043 1 1 0
0.192383 1 1 0
0.194336 1 1 0
0.196289 1 1 0
0.198242 1 1 0
0.200195 1 1 0
0.202148 1 1 0
0.204102 1 1 0
0.206055 1 1 0
0.208008 1 1 0
0.209961 1 1 0
0.211914 1 1 0
0.213867 1 1 0
0.21582 1 1 0
0.217773 1 1 0
0.219727 1 1 0
0.22168 1 1 0
0.223633 1 1 0
0.225586 1 1 0
0.227539 1 1 0
0.229492 1 1 0
0.231445 1 1 0
0.233398 1 1 0
0.235352 1 1 0
0.237305 1 1 0
0.239258 1 1 0
0.241211 1 1 0
0.243164 1 1 0
0.245117 1 1 0
0.24707 1 1 0
0.249023 1 1 0
0.250977 1 1 0
0.25293 1 1 0
0.254883 1 1 0
0.256836 1 1 0
0.258789 1 1 0
0.260742 1 1 0
0.262695 1 1 0
0.264648 1 1 0
0.266602 1 1 0
0.268555 1 1 0
0.270508 1 1 0
0.272461 1 1 0
0.274414 1 1 0
0.276367 1 1 0
0.27832 1 1 0
0.280273 1 1 0
0.282227 1 1 0
0.28418 1 1 0
0.286133 1 1 0
0.288086 1 1 0
0.290039 1 1 0
0.291992 1 1 0
0.293945 1 1 0
0.295898 1 1 0
0.297852 1 1 0
0.299805 1 1 0
0.301758 1 1 0
0.303711 1 1 0
0.305664 1 1 0
0.307617 1 1 0
0.30957 1 1 0
0.311523 1 1 0
0.313477 1 1 0
0.31543 1 1 0
0.317383 1 1 0
0.319336 1 1 0
0.321289 1 1 0
0.323242 1 1 0
0.325195 1 1 0
0.327148 1 1 0
0.329102 1 1 0
0.331055 1 1 0
0.333008 1 1 0
0.334961 1 1 0
0.336914 1 1 0
0.338867 1 1 0
0.34082 1 1 0
0.342773 1 1 0
0.344727 1 1 0
0.34668 1 1 0
0.348633 1 1 0
0.350586 1 1 0
0.352539 1 1 0
0.354492 1 1 0
0.356445 1 1 0
0.358398 1 1 0
0.360352 1 1 0
0.362305 1 1 0
0.364258 1 1 0
0.366211 1 1 0
0.368164 1 1 0
0.370117 1 1 0
0.37207 1 1 0
0.374023 1 1 0
0.375977 1 1 0
0.37793 1 1 0
0.379883 1 1 0
0.381836 1 1 0
0.383789 1 1 0
0.385742 1 1 0
0.387695 1 1 0
0.389648 1 1 0
0.391602 1 1 0
0.393555 1 1 0
0.395508 1 1 0
0.397461 1 1 0
0.399414 1 1 0
0.401367 1 1 0
0.40332 1 1 0
0.405273 1 1 0
0.407227 1 1 0
0.40918 1 1 0
0.411133 1 1 0
0.413086 1 1 0
0.415039 1 1 0
0.416992 1 1 0
0.418945 1 1 0
0.420898 1 1 0
0.422852 1 1 0
0.424805 1 1 0
0.426758 1 1 0
0.428711 1 1 0
0.430664 1 1 0
0.432617 1 1 0
0.43457 1 1 0
0.436523 1 1 0
0.438477 1 1 0
0.44043 1 1 0
0.442383 1 1 0
0.444336 1 1 0
0.446289 1 1 0
0.448242 1 1 0
0.450195 1 1 0
0.452148 1 1 0
0.454102 1 1 0
0.456055 1 1 0
0.458008 1 1 0
0.459961 1 1 0
0.461914 1 1 0
0.463867 1 1 0
0.46582 1 1 0
0.467773 1 1 0
0.469727 1 1 0
0.47168 1 1 0
0.473633 1 1 0
0.475586 1 1 0
0.477539 1 1 0
0.479492 1 1 0
0.481445 1 1 0
0.483398 1 1 0
0.485352 1 1 0
0.487305 1 1 0
0.489258 0.925555 0.897353 0.090831
0.491211 0.803279 0.73589 0.253591
0.493164 0.694282 0.599999 0.416352
0.495117 0.597452 0.48621 0.579112
0.49707 0.511739 0.391443 0.741873
0.499023 0.43616 0.312971 0.904633
0.500977 0.42639 0.3032 0.927288
0.50293 0.42639 0.3032 0.927288
0.504883 0.42639 0.3032 0.927288
0.506836 0.42639 0.3032 0.927288
0.508789 0.42639 0.3032 0.927288
0.510742 0.265611 0.3032 0.927288
0.512695 0.265611 0.3032 0.927288
0.514648 0.265611 0.3032 0.927288
0.516602 0.265611 0.3032 0.927288
0.518555 0.125 0.1 0
0.520508 0.125 0.1 0
0.522461 0.125 0.1 0
0.524414 0.125 0.1 0
0.526367 0.125 0.1 0
0.52832 0.125 0.1 0
0.530273 0.125 0.1 0
0.532227 0.125 0.1 0
0.53418 0.125 0.1 0
0.536133 0.125 0.1 0
0.538086 0.125 0.1 0
0.540039 0.125 0.1 0
0.541992 0.125 0.1 0
0.543945 0.125 0.1 0
0.545898 0.125 0.1 0
0.547852 0.125 0.1 0
0.549805 0.125 0.1 0
0.551758 0.125 0.1 0
0.553711 0.125 0.1 0
0.555664 0.125 0.1 0
0.557617 0.125 0.1 0
0.55957 0.125 0.1 0
0.561523 0.125 0.1 0
0.563477 0.125 0.1 0
0.56543 0.125 0.1 0
0.567383 0.125 0.1 0
0.569336 0.125 0.1 0
0.571289 0.125 0.1 0
0.573242 0.125 0.1 0
0.575195 0.125 0.1 0
0.577148 0.125 0.1 0
0.579102 0.125 0.1 0
0.581055 0.125 0.1 0
0.583008 0.125 0.1 0
0.584961 0.125 0.1 0
0.586914 0.125 0.1 0
0.588867 0.125 0.1 0
0.59082 0.125 0.1 0
0.592773 0.125 0.1 0
0.594727 0.125 0.1 0
0.59668 0.125 0.1 0
0.598633 0.125 0.1 0
0.600586 0.125 0.1 0
0.602539 0.125 0.1 0
0.604492 0.125 0.1 0
0.606445 0.125 0.1 0
0.608398 0.125 0.1 0
0.610352 0.125 0.1 0
0.612305 0.125 0.1 0
0.614258 0.125 0.1 0
0.616211 0.125 0.1 0
0.618164 0.125 0.1 0
0.620117 0.125 0.1 0
0.62207 0.125 0.1 0
0.624023 0.125 0.1 0
0.625977 0.125 0.1 0
0.62793 0.125 0.1 0
0.629883 0.125 0.1 0
0.631836 0.125 0.1 0
0.633789 0.125 0.1 0
0.635742 0.125 0.1 0
0.637695 0.125 0.1 0
0.639648 0.125 0.1 0
0.641602 0.125 0.1 0
0.643555 0.125 0.1 0
0.645508 0.125 0.1 0
0.647461 0.125 0.1 0
0.649414 0.125 0.1 0
0.651367 0.125 0.1 0
0.65332 0.125 0.1 0
0.655273 0.125 0.1 0
0.657227 0.125 0.1 0
0.65918 0.125 0.1 0
0.661133 0.125 0.1 0
0.663086 0.125 0.1 0
0.665039 0.125 0.1 0
0.666992 0.125 0.1 0
0.668945 0.125 0.1 0
0.670898 0.125 0.1 0
0.672852 0.125 0.1 0
0.674805 0.125 0.1 0
0.676758 0.125 0.1 0
0.678711 0.125 0.1 0
0.680664 0.125 0.1 0
0.682617 0.125 0.1 0
0.68457 0.125 0.1 0
0.686523 0.125 0.1 0
0.688477 0.125 0.1 0
0.69043 0.125 0.1 0
0.692383 0.125 0.1 0
0.694336 0.125 0.1 0
0.696289 0.125 0.1 0
0.698242 0.125 0.1 0
0.700195 0.125 0.1 0
0.702148 0.125 0.1 0
0.704102 0.125 0.1 0
0.706055 0.125 0.1 0
0.708008 0.125 0.1 0
0.709961 0.125 0.1 0
0.711914 0.125 0.1 0
0.713867 0.125 0.1 0
0.71582 0.125 0.1 0
0.717773 0.125 0.1 0
0.719727 0.125 0.1 0
0.72168 0.125 0.1 0
0.723633 0.125 0.1 0
0.725586 0.125 0.1 0
0.727539 0.125 0.1 0
0.729492 0.125 0.1 0
0.731445 0.125 0.1 0
0.733398 0.125 0.1 0
0.735352 0.125 0.1 0
0.737305 0.125 0.1 0
0.739258 0.125 0.1 0
0.741211 0.125 0.1 0
0.743164 0.125 0.1 0
0.745117 0.125 0.1 0
0.74707 0.125 0.1 0
0.749023 0.125 0.1 0
0.750977 0.125 0.1 0
0.75293 0.125 0.1 0
0.754883 0.125 0.1 0
0.756836 0.125 0.1 0
0.758789 0.125 0.1 0
0.760742 0.125 0.1 0
0.762695 0.125 0.1 0
0.764648 0.125 0.1 0
0.766602 0.125 0.1 0
0.768555 0.125 0.1 0
0.770508 0.125 0.1 0
0.772461 0.125 0.1 0
0.774414 0.125 0.1 0
0.776367 0.125 0.1 0
0.77832 0.125 0.1 0
0.780273 0.125 0.1 0
0.782227 0.125 0.1 0
0.78418 0.125 0.1 0
0.786133 0.125 0.1 0
0.788086 0.125 0.1 0
0.790039 0.125 0.1 0
0.791992 0.125 0.1 0
0.793945 0.125 0.1 0
0.795898 0.125 0.1 0
0.797852 0.125 0.1 0
0.799805 0.125 0.1 0
0.801758 0.125 0.1 0
0.803711 0.125 0.1 0
0.805664 0.125 0.1 0
0.807617 0.125 0.1 0
0.80957 0.125 0.1 0
0.811523 0.125 0.1 0
0.813477 0.125 0.1 0
0.81543 0.125 0.1 0
0.817383 0.125 0.1 0
0.819336 0.125 0.1 0
0.821289 0.125 0.1 0
0.823242 0.125 0.1 0
0.825195 0.125 0.1 0
0.827148 0.125 0.1 0
0.829102 0.125 0.1 0
0.831055 0.125 0.1 0
0.833008 0.125 0.1 0
0.834961 0.125 0.1 0
0.836914 0.125 0.1 0
0.838867 0.125 0.1 0
0.84082 0.125 0.1 0
0.842773 0.125 0.1 0
0.844727 0.125 0.1 0
0.84668 0.125 0.1 0
0.848633 0.125 0.1 0
0.850586 0.125 0.1 0
0.852539 0.125 0.1 0
0.854492 0.125 0.1 0
0.856445 0.125 0.1 0
0.858398 0.125 0.1 0
0.860352 0.125 0.1 0
0.862305 0.125 0.1 0
0.864258 0.125 0.1 0
0.866211 0.125 0.1 0
0.868164 0.125 0.1 0
0.870117 0.125 0.1 0
0.87207 0.125 0.1 0
0.874023 0.125 0.1 0
0.875977 0.125 0.1 0
0.87793 0.125 0.1 0
0.879883 0.125 0.1 0
0.881836 0.125 0.1 0
0.883789 0.125 0.1 0
0.885742 0.125 0.1 0
0.887695 0.125 0.1 0
0.889648 0.125 0.1 0
0.891602 0.125 0.1 0
0.893555 0.125 0.1 0
0.895508 0.125 0.1 0
0.897461 0.125 0.1 0
0.899414 0.125 0.1 0
0.901367 0.125 0.1 0
0.90332 0.125 0.1 0
0.905273 0.125 0.1 0
0.907227 0.125 0.1 0
0.90918 0.125 0.1 0
0.911133 0.125 0.1 0
0.913086 0.125 0.1 0
0.915039 0.125 0.1 0
0.916992 0.125 0.1 0
0.918945 0.125 0.1 0
0.920898 0.125 0.1 0
0.922852 0.125 0.1 0
0.924805 0.125 0.1 0
0.926758 0.125 0.1 0
0.928711 0.125 0.1 0
0.930664 0.125 0.1 0
0.932617 0.125 0.1 0
0.93457 0.125 0.1 0
0.936523 0.125 0.1 0
0.938477 0.125 0.1 0
0.94043 0.125 0.1 0
0.942383 0.125 0.1 0
0.944336 0.125 0.1 0
0.946289 0.125 0.1 0
0.948242 0.125 0.1 0
0.950195 0.125 0.1 0
0.952148 0.125 0.1 0
0.954102 0.125 0.1 0
0.956055 0.125 0.1 0
0.958008 0.125 0.1 0
0.959961 0.125 0.1 0
0.961914 0.125 0.1 0
0.963867 0.125 0.1 0
0.96582 0.125 0.1 0
0.967773 0.125 0.1 0
0.969727 0.125 0.1 0
0.97168 0.125 0.1 0
0.973633 0.125 0.1 0
0.975586 0.125 0.1 0
0.977539 0.125 0.1 0
0.979492 0.125 0.1 0
0.981445 0.125 0.1 0
0.983398 0.125 0.1 0
0.985352 0.125 0.1 0
0.987305 0.125 0.1 0
0.989258 0.125 0.1 0
0.991211 0.125 0.1 0
0.993164 0.125 0.1 0
0.995117 0.125 0.1 0
0.99707 0.125 0.1 0
0.999023 0.125 0.1 0
